          55 Hookean bonded pairs.
    1    1    2   3.822 100.000
    2    2    3   3.823 100.000
    3    3    4   3.824 100.000
    4    4    5   3.825 100.000
    5    5    6   3.824 100.000
    6    6    7   3.818 100.000
    7    7    8   3.837 100.000
    8    8    9   3.824 100.000
    9    9   10   3.825 100.000
   10   10   11   3.823 100.000
   11   11   12   3.826 100.000
   12   12   13   3.820 100.000
   13   13   14   3.822 100.000
   14   14   15   3.822 100.000
   15   15   16   3.818 100.000
   16   16   17   3.796 100.000
   17   17   18   3.808 100.000
   18   18   19   3.803 100.000
   19   19   20   3.816 100.000
   20   20   21   3.820 100.000
   21   21   22   3.821 100.000
   22   22   23   3.822 100.000
   23   23   24   3.821 100.000
   24   24   25   3.822 100.000
   25   25   26   3.824 100.000
   26   26   27   3.821 100.000
   27   27   28   3.816 100.000
   28   28   29   3.829 100.000
   29   29   30   3.822 100.000
   30   30   31   3.821 100.000
   31   31   32   3.819 100.000
   32   32   33   3.825 100.000
   33   33   34   3.828 100.000
   34   34   35   3.797 100.000
   35   35   36   3.814 100.000
   36   36   37   3.816 100.000
   37   37   38   3.820 100.000
   38   38   39   3.823 100.000
   39   39   40   3.821 100.000
   40   40   41   3.821 100.000
   41   41   42   3.822 100.000
   42   42   43   3.820 100.000
   43   43   44   3.820 100.000
   44   44   45   3.821 100.000
   45   45   46   3.818 100.000
   46   46   47   3.820 100.000
   47   47   48   3.825 100.000
   48   48   49   3.818 100.000
   49   49   50   3.822 100.000
   50   50   51   3.817 100.000
   51   51   52   3.817 100.000
   52   52   53   3.826 100.000
   53   53   54   3.811 100.000
   54   54   55   3.818 100.000
   55   55   56   3.824 100.000
          54 bond angle trios.
    1    1    2    3   2.295  20.000
    2    2    3    4   2.322  20.000
    3    3    4    5   1.763  20.000
    4    4    5    6   1.568  20.000
    5    5    6    7   2.403  20.000
    6    6    7    8   1.760  20.000
    7    7    8    9   1.771  20.000
    8    8    9   10   1.683  20.000
    9    9   10   11   1.998  20.000
   10   10   11   12   1.808  20.000
   11   11   12   13   2.194  20.000
   12   12   13   14   1.553  20.000
   13   13   14   15   1.565  20.000
   14   14   15   16   2.102  20.000
   15   15   16   17   2.033  20.000
   16   16   17   18   1.901  20.000
   17   17   18   19   2.249  20.000
   18   18   19   20   2.461  20.000
   19   19   20   21   2.058  20.000
   20   20   21   22   1.609  20.000
   21   21   22   23   2.082  20.000
   22   22   23   24   2.035  20.000
   23   23   24   25   2.292  20.000
   24   24   25   26   1.913  20.000
   25   25   26   27   1.969  20.000
   26   26   27   28   1.961  20.000
   27   27   28   29   2.454  20.000
   28   28   29   30   1.871  20.000
   29   29   30   31   1.675  20.000
   30   30   31   32   2.086  20.000
   31   31   32   33   1.927  20.000
   32   32   33   34   2.248  20.000
   33   33   34   35   1.968  20.000
   34   34   35   36   2.084  20.000
   35   35   36   37   2.019  20.000
   36   36   37   38   2.222  20.000
   37   37   38   39   2.111  20.000
   38   38   39   40   1.995  20.000
   39   39   40   41   1.604  20.000
   40   40   41   42   1.797  20.000
   41   41   42   43   1.726  20.000
   42   42   43   44   1.785  20.000
   43   43   44   45   2.170  20.000
   44   44   45   46   2.069  20.000
   45   45   46   47   2.283  20.000
   46   46   47   48   1.836  20.000
   47   47   48   49   1.972  20.000
   48   48   49   50   1.969  20.000
   49   49   50   51   1.570  20.000
   50   50   51   52   1.510  20.000
   51   51   52   53   1.635  20.000
   52   52   53   54   2.387  20.000
   53   53   54   55   2.379  20.000
   54   54   55   56   1.695  20.000
          53 dihedral quartets.
    1    1    2    3    4   4.074   1.000   0.000   0.000
    2    2    3    4    5   4.183   1.000   0.000   0.000
    3    3    4    5    6   3.350   1.000   0.000   0.000
    4    4    5    6    7   0.073   1.000   0.000   0.000
    5    5    6    7    8   4.591   1.000   0.000   0.000
    6    6    7    8    9   3.710   1.000   0.000   0.000
    7    7    8    9   10   3.650   1.000   0.000   0.000
    8    8    9   10   11   3.332   1.000   0.000   0.000
    9    9   10   11   12   3.568   1.000   0.000   0.000
   10   10   11   12   13   1.077   1.000   0.000   0.000
   11   11   12   13   14   4.135   1.000   0.000   0.000
   12   12   13   14   15   1.417   1.000   0.000   0.000
   13   13   14   15   16   0.639   1.000   0.000   0.000
   14   14   15   16   17   3.909   1.000   0.000   0.000
   15   15   16   17   18   4.091   1.000   0.000   0.000
   16   16   17   18   19   3.188   1.000   0.000   0.000
   17   17   18   19   20   3.996   1.000   0.000   0.000
   18   18   19   20   21   4.768   1.000   0.000   0.000
   19   19   20   21   22   0.538   1.000   0.000   0.000
   20   20   21   22   23   2.016   1.000   0.000   0.000
   21   21   22   23   24   4.195   1.000   0.000   0.000
   22   22   23   24   25   3.133   1.000   0.000   0.000
   23   23   24   25   26   3.912   1.000   0.000   0.000
   24   24   25   26   27   3.944   1.000   0.000   0.000
   25   25   26   27   28   3.300   1.000   0.000   0.000
   26   26   27   28   29   5.795   1.000   0.000   0.000
   27   27   28   29   30   1.406   1.000   0.000   0.000
   28   28   29   30   31   3.235   1.000   0.000   0.000
   29   29   30   31   32   1.347   1.000   0.000   0.000
   30   30   31   32   33   4.872   1.000   0.000   0.000
   31   31   32   33   34   1.414   1.000   0.000   0.000
   32   32   33   34   35   5.699   1.000   0.000   0.000
   33   33   34   35   36   3.207   1.000   0.000   0.000
   34   34   35   36   37   4.176   1.000   0.000   0.000
   35   35   36   37   38   3.319   1.000   0.000   0.000
   36   36   37   38   39   3.801   1.000   0.000   0.000
   37   37   38   39   40   3.993   1.000   0.000   0.000
   38   38   39   40   41   3.637   1.000   0.000   0.000
   39   39   40   41   42   1.194   1.000   0.000   0.000
   40   40   41   42   43   6.189   1.000   0.000   0.000
   41   41   42   43   44   4.223   1.000   0.000   0.000
   42   42   43   44   45   2.678   1.000   0.000   0.000
   43   43   44   45   46   4.067   1.000   0.000   0.000
   44   44   45   46   47   2.876   1.000   0.000   0.000
   45   45   46   47   48   4.163   1.000   0.000   0.000
   46   46   47   48   49   3.494   1.000   0.000   0.000
   47   47   48   49   50   4.257   1.000   0.000   0.000
   48   48   49   50   51   3.958   1.000   0.000   0.000
   49   49   50   51   52   0.929   1.000   0.000   0.000
   50   50   51   52   53   0.882   1.000   0.000   0.000
   51   51   52   53   54   0.936   1.000   0.000   0.000
   52   52   53   54   55   3.275   1.000   0.000   0.000
   53   53   54   55   56   4.466   1.000   0.000   0.000
         137 contacts.
    1    1   23    52.771 1.000000
    2    1   24    45.724 1.000000
    3    1   25    34.199 1.000000
    4    1   26    52.520 1.000000
    5    1   55    42.734 1.000000
    6    1   56    41.408 1.000000
    7    2   22    88.859 1.000000
    8    2   23    48.981 1.000000
    9    2   24    38.964 1.000000
   10    2   26    46.027 1.000000
   11    2   35   125.725 1.000000
   12    2   53    44.816 1.000000
   13    2   54    29.793 1.000000
   14    2   55    17.373 1.000000
   15    2   56    23.747 1.000000
   16    3   20    48.810 1.000000
   17    3   21    45.733 1.000000
   18    3   22    48.215 1.000000
   19    3   24    43.798 1.000000
   20    3   53    27.877 1.000000
   21    3   54    27.110 1.000000
   22    3   56    31.120 1.000000
   23    4   18    53.067 1.000000
   24    4   19    35.814 1.000000
   25    4   20    20.035 1.000000
   26    4   21    40.086 1.000000
   27    4   22    42.506 1.000000
   28    4   24    55.000 1.000000
   29    4   52    32.069 1.000000
   30    4   53    18.198 1.000000
   31    5   20    28.871 1.000000
   32    5   51    55.463 1.000000
   33    5   52    21.357 1.000000
   34    5   53    21.671 1.000000
   35    5   54    40.113 1.000000
   36    6   18    66.989 1.000000
   37    6   19    34.971 1.000000
   38    6   20    24.013 1.000000
   39    6   51    69.246 1.000000
   40    6   52    24.163 1.000000
   41    7   17    44.503 1.000000
   42    7   18    28.769 1.000000
   43    7   19    13.077 1.000000
   44    7   20    28.733 1.000000
   45    7   52    50.619 1.000000
   46    8   12   135.309 1.000000
   47    8   15    89.550 1.000000
   48    8   16    70.761 1.000000
   49    8   17    27.548 1.000000
   50    8   18    35.517 1.000000
   51    8   34   118.368 1.000000
   52    8   47    83.752 1.000000
   53    8   48    47.245 1.000000
   54    8   49    47.490 1.000000
   55    8   52    42.070 1.000000
   56    9   17    24.473 1.000000
   57    9   52   104.970 1.000000
   58   10   15    38.284 1.000000
   59   10   16    39.479 1.000000
   60   10   17    24.132 1.000000
   61   14   36   111.523 1.000000
   62   14   45    75.641 1.000000
   63   14   46    52.081 1.000000
   64   14   47    61.782 1.000000
   65   15   34    94.628 1.000000
   66   15   46    19.891 1.000000
   67   15   47    22.691 1.000000
   68   16   39   100.597 1.000000
   69   16   44    63.051 1.000000
   70   16   45    45.794 1.000000
   71   16   46    15.973 1.000000
   72   16   47    39.205 1.000000
   73   16   48    57.937 1.000000
   74   18   22    57.083 1.000000
   75   18   24    76.442 1.000000
   76   18   48    50.345 1.000000
   77   18   49    94.219 1.000000
   78   18   52    89.766 1.000000
   79   18   53   100.962 1.000000
   80   22   39    73.833 1.000000
   81   22   41    95.059 1.000000
   82   23   39    48.706 1.000000
   83   23   40    59.337 1.000000
   84   23   41    78.092 1.000000
   85   24   37    33.837 1.000000
   86   24   38    34.723 1.000000
   87   24   39    25.249 1.000000
   88   24   40    47.890 1.000000
   89   24   46    91.470 1.000000
   90   24   48    78.815 1.000000
   91   24   53    84.764 1.000000
   92   25   37    26.520 1.000000
   93   25   38    27.596 1.000000
   94   25   40    53.276 1.000000
   95   26   35    46.973 1.000000
   96   26   36    37.738 1.000000
   97   26   37    17.066 1.000000
   98   26   48    71.941 1.000000
   99   27   36    29.433 1.000000
  100   27   37    26.532 1.000000
  101   27   38    47.919 1.000000
  102   28   35    32.974 1.000000
  103   28   36    39.444 1.000000
  104   29   33    54.645 1.000000
  105   29   34    50.710 1.000000
  106   29   35    23.794 1.000000
  107   29   36    56.267 1.000000
  108   29   47   106.511 1.000000
  109   30   35    53.028 1.000000
  110   31   35    70.204 1.000000
  111   32   50    28.576 1.000000
  112   33   49    41.030 1.000000
  113   33   50    27.180 1.000000
  114   33   51    56.055 1.000000
  115   34   47    36.744 1.000000
  116   34   48    35.689 1.000000
  117   34   49    20.272 1.000000
  118   35   47    32.377 1.000000
  119   35   48    34.557 1.000000
  120   35   50    40.899 1.000000
  121   35   53    84.801 1.000000
  122   35   54   122.553 1.000000
  123   35   55   146.104 1.000000
  124   36   45    47.192 1.000000
  125   36   46    32.848 1.000000
  126   36   47    15.997 1.000000
  127   37   44    75.640 1.000000
  128   37   45    38.567 1.000000
  129   37   46    34.003 1.000000
  130   37   48    38.058 1.000000
  131   38   43    37.636 1.000000
  132   38   44    33.856 1.000000
  133   38   45    22.741 1.000000
  134   39   43    25.789 1.000000
  135   39   44    33.523 1.000000
  136   48   53    46.445 1.000000
  137   49   53    40.056 1.000000
        1241 repulsive pairs.
       1    1    5    16.000     1.000
       2    1    6    16.000     1.000
       3    1    7    16.000     1.000
       4    1    8    16.000     1.000
       5    1    9    16.000     1.000
       6    1   10    16.000     1.000
       7    1   11    16.000     1.000
       8    1   12    16.000     1.000
       9    1   13    16.000     1.000
      10    1   14    16.000     1.000
      11    1   15    16.000     1.000
      12    1   16    16.000     1.000
      13    1   17    16.000     1.000
      14    1   18    16.000     1.000
      15    1   19    16.000     1.000
      16    1   20    16.000     1.000
      17    1   21    16.000     1.000
      18    1   22    16.000     1.000
      19    1   27    16.000     1.000
      20    1   28    16.000     1.000
      21    1   29    16.000     1.000
      22    1   30    16.000     1.000
      23    1   31    16.000     1.000
      24    1   32    16.000     1.000
      25    1   33    16.000     1.000
      26    1   34    16.000     1.000
      27    1   35    16.000     1.000
      28    1   36    16.000     1.000
      29    1   37    16.000     1.000
      30    1   38    16.000     1.000
      31    1   39    16.000     1.000
      32    1   40    16.000     1.000
      33    1   41    16.000     1.000
      34    1   42    16.000     1.000
      35    1   43    16.000     1.000
      36    1   44    16.000     1.000
      37    1   45    16.000     1.000
      38    1   46    16.000     1.000
      39    1   47    16.000     1.000
      40    1   48    16.000     1.000
      41    1   49    16.000     1.000
      42    1   50    16.000     1.000
      43    1   51    16.000     1.000
      44    1   52    16.000     1.000
      45    1   53    16.000     1.000
      46    1   54    16.000     1.000
      47    2    6    16.000     1.000
      48    2    7    16.000     1.000
      49    2    8    16.000     1.000
      50    2    9    16.000     1.000
      51    2   10    16.000     1.000
      52    2   11    16.000     1.000
      53    2   12    16.000     1.000
      54    2   13    16.000     1.000
      55    2   14    16.000     1.000
      56    2   15    16.000     1.000
      57    2   16    16.000     1.000
      58    2   17    16.000     1.000
      59    2   18    16.000     1.000
      60    2   19    16.000     1.000
      61    2   20    16.000     1.000
      62    2   21    16.000     1.000
      63    2   25    16.000     1.000
      64    2   27    16.000     1.000
      65    2   28    16.000     1.000
      66    2   29    16.000     1.000
      67    2   30    16.000     1.000
      68    2   31    16.000     1.000
      69    2   32    16.000     1.000
      70    2   33    16.000     1.000
      71    2   34    16.000     1.000
      72    2   36    16.000     1.000
      73    2   37    16.000     1.000
      74    2   38    16.000     1.000
      75    2   39    16.000     1.000
      76    2   40    16.000     1.000
      77    2   41    16.000     1.000
      78    2   42    16.000     1.000
      79    2   43    16.000     1.000
      80    2   44    16.000     1.000
      81    2   45    16.000     1.000
      82    2   46    16.000     1.000
      83    2   47    16.000     1.000
      84    2   48    16.000     1.000
      85    2   49    16.000     1.000
      86    2   50    16.000     1.000
      87    2   51    16.000     1.000
      88    2   52    16.000     1.000
      89    3    7    16.000     1.000
      90    3    8    16.000     1.000
      91    3    9    16.000     1.000
      92    3   10    16.000     1.000
      93    3   11    16.000     1.000
      94    3   12    16.000     1.000
      95    3   13    16.000     1.000
      96    3   14    16.000     1.000
      97    3   15    16.000     1.000
      98    3   16    16.000     1.000
      99    3   17    16.000     1.000
     100    3   18    16.000     1.000
     101    3   19    16.000     1.000
     102    3   23    16.000     1.000
     103    3   25    16.000     1.000
     104    3   26    16.000     1.000
     105    3   27    16.000     1.000
     106    3   28    16.000     1.000
     107    3   29    16.000     1.000
     108    3   30    16.000     1.000
     109    3   31    16.000     1.000
     110    3   32    16.000     1.000
     111    3   33    16.000     1.000
     112    3   34    16.000     1.000
     113    3   35    16.000     1.000
     114    3   36    16.000     1.000
     115    3   37    16.000     1.000
     116    3   38    16.000     1.000
     117    3   39    16.000     1.000
     118    3   40    16.000     1.000
     119    3   41    16.000     1.000
     120    3   42    16.000     1.000
     121    3   43    16.000     1.000
     122    3   44    16.000     1.000
     123    3   45    16.000     1.000
     124    3   46    16.000     1.000
     125    3   47    16.000     1.000
     126    3   48    16.000     1.000
     127    3   49    16.000     1.000
     128    3   50    16.000     1.000
     129    3   51    16.000     1.000
     130    3   52    16.000     1.000
     131    3   55    16.000     1.000
     132    4    8    16.000     1.000
     133    4    9    16.000     1.000
     134    4   10    16.000     1.000
     135    4   11    16.000     1.000
     136    4   12    16.000     1.000
     137    4   13    16.000     1.000
     138    4   14    16.000     1.000
     139    4   15    16.000     1.000
     140    4   16    16.000     1.000
     141    4   17    16.000     1.000
     142    4   23    16.000     1.000
     143    4   25    16.000     1.000
     144    4   26    16.000     1.000
     145    4   27    16.000     1.000
     146    4   28    16.000     1.000
     147    4   29    16.000     1.000
     148    4   30    16.000     1.000
     149    4   31    16.000     1.000
     150    4   32    16.000     1.000
     151    4   33    16.000     1.000
     152    4   34    16.000     1.000
     153    4   35    16.000     1.000
     154    4   36    16.000     1.000
     155    4   37    16.000     1.000
     156    4   38    16.000     1.000
     157    4   39    16.000     1.000
     158    4   40    16.000     1.000
     159    4   41    16.000     1.000
     160    4   42    16.000     1.000
     161    4   43    16.000     1.000
     162    4   44    16.000     1.000
     163    4   45    16.000     1.000
     164    4   46    16.000     1.000
     165    4   47    16.000     1.000
     166    4   48    16.000     1.000
     167    4   49    16.000     1.000
     168    4   50    16.000     1.000
     169    4   51    16.000     1.000
     170    4   54    16.000     1.000
     171    4   55    16.000     1.000
     172    4   56    16.000     1.000
     173    5    9    16.000     1.000
     174    5   10    16.000     1.000
     175    5   11    16.000     1.000
     176    5   12    16.000     1.000
     177    5   13    16.000     1.000
     178    5   14    16.000     1.000
     179    5   15    16.000     1.000
     180    5   16    16.000     1.000
     181    5   17    16.000     1.000
     182    5   18    16.000     1.000
     183    5   19    16.000     1.000
     184    5   21    16.000     1.000
     185    5   22    16.000     1.000
     186    5   23    16.000     1.000
     187    5   24    16.000     1.000
     188    5   25    16.000     1.000
     189    5   26    16.000     1.000
     190    5   27    16.000     1.000
     191    5   28    16.000     1.000
     192    5   29    16.000     1.000
     193    5   30    16.000     1.000
     194    5   31    16.000     1.000
     195    5   32    16.000     1.000
     196    5   33    16.000     1.000
     197    5   34    16.000     1.000
     198    5   35    16.000     1.000
     199    5   36    16.000     1.000
     200    5   37    16.000     1.000
     201    5   38    16.000     1.000
     202    5   39    16.000     1.000
     203    5   40    16.000     1.000
     204    5   41    16.000     1.000
     205    5   42    16.000     1.000
     206    5   43    16.000     1.000
     207    5   44    16.000     1.000
     208    5   45    16.000     1.000
     209    5   46    16.000     1.000
     210    5   47    16.000     1.000
     211    5   48    16.000     1.000
     212    5   49    16.000     1.000
     213    5   50    16.000     1.000
     214    5   55    16.000     1.000
     215    5   56    16.000     1.000
     216    6   10    16.000     1.000
     217    6   11    16.000     1.000
     218    6   12    16.000     1.000
     219    6   13    16.000     1.000
     220    6   14    16.000     1.000
     221    6   15    16.000     1.000
     222    6   16    16.000     1.000
     223    6   17    16.000     1.000
     224    6   21    16.000     1.000
     225    6   22    16.000     1.000
     226    6   23    16.000     1.000
     227    6   24    16.000     1.000
     228    6   25    16.000     1.000
     229    6   26    16.000     1.000
     230    6   27    16.000     1.000
     231    6   28    16.000     1.000
     232    6   29    16.000     1.000
     233    6   30    16.000     1.000
     234    6   31    16.000     1.000
     235    6   32    16.000     1.000
     236    6   33    16.000     1.000
     237    6   34    16.000     1.000
     238    6   35    16.000     1.000
     239    6   36    16.000     1.000
     240    6   37    16.000     1.000
     241    6   38    16.000     1.000
     242    6   39    16.000     1.000
     243    6   40    16.000     1.000
     244    6   41    16.000     1.000
     245    6   42    16.000     1.000
     246    6   43    16.000     1.000
     247    6   44    16.000     1.000
     248    6   45    16.000     1.000
     249    6   46    16.000     1.000
     250    6   47    16.000     1.000
     251    6   48    16.000     1.000
     252    6   49    16.000     1.000
     253    6   50    16.000     1.000
     254    6   53    16.000     1.000
     255    6   54    16.000     1.000
     256    6   55    16.000     1.000
     257    6   56    16.000     1.000
     258    7   11    16.000     1.000
     259    7   12    16.000     1.000
     260    7   13    16.000     1.000
     261    7   14    16.000     1.000
     262    7   15    16.000     1.000
     263    7   16    16.000     1.000
     264    7   21    16.000     1.000
     265    7   22    16.000     1.000
     266    7   23    16.000     1.000
     267    7   24    16.000     1.000
     268    7   25    16.000     1.000
     269    7   26    16.000     1.000
     270    7   27    16.000     1.000
     271    7   28    16.000     1.000
     272    7   29    16.000     1.000
     273    7   30    16.000     1.000
     274    7   31    16.000     1.000
     275    7   32    16.000     1.000
     276    7   33    16.000     1.000
     277    7   34    16.000     1.000
     278    7   35    16.000     1.000
     279    7   36    16.000     1.000
     280    7   37    16.000     1.000
     281    7   38    16.000     1.000
     282    7   39    16.000     1.000
     283    7   40    16.000     1.000
     284    7   41    16.000     1.000
     285    7   42    16.000     1.000
     286    7   43    16.000     1.000
     287    7   44    16.000     1.000
     288    7   45    16.000     1.000
     289    7   46    16.000     1.000
     290    7   47    16.000     1.000
     291    7   48    16.000     1.000
     292    7   49    16.000     1.000
     293    7   50    16.000     1.000
     294    7   51    16.000     1.000
     295    7   53    16.000     1.000
     296    7   54    16.000     1.000
     297    7   55    16.000     1.000
     298    7   56    16.000     1.000
     299    8   13    16.000     1.000
     300    8   14    16.000     1.000
     301    8   19    16.000     1.000
     302    8   20    16.000     1.000
     303    8   21    16.000     1.000
     304    8   22    16.000     1.000
     305    8   23    16.000     1.000
     306    8   24    16.000     1.000
     307    8   25    16.000     1.000
     308    8   26    16.000     1.000
     309    8   27    16.000     1.000
     310    8   28    16.000     1.000
     311    8   29    16.000     1.000
     312    8   30    16.000     1.000
     313    8   31    16.000     1.000
     314    8   32    16.000     1.000
     315    8   33    16.000     1.000
     316    8   35    16.000     1.000
     317    8   36    16.000     1.000
     318    8   37    16.000     1.000
     319    8   38    16.000     1.000
     320    8   39    16.000     1.000
     321    8   40    16.000     1.000
     322    8   41    16.000     1.000
     323    8   42    16.000     1.000
     324    8   43    16.000     1.000
     325    8   44    16.000     1.000
     326    8   45    16.000     1.000
     327    8   46    16.000     1.000
     328    8   50    16.000     1.000
     329    8   51    16.000     1.000
     330    8   53    16.000     1.000
     331    8   54    16.000     1.000
     332    8   55    16.000     1.000
     333    8   56    16.000     1.000
     334    9   13    16.000     1.000
     335    9   14    16.000     1.000
     336    9   15    16.000     1.000
     337    9   16    16.000     1.000
     338    9   18    16.000     1.000
     339    9   19    16.000     1.000
     340    9   20    16.000     1.000
     341    9   21    16.000     1.000
     342    9   22    16.000     1.000
     343    9   23    16.000     1.000
     344    9   24    16.000     1.000
     345    9   25    16.000     1.000
     346    9   26    16.000     1.000
     347    9   27    16.000     1.000
     348    9   28    16.000     1.000
     349    9   29    16.000     1.000
     350    9   30    16.000     1.000
     351    9   31    16.000     1.000
     352    9   32    16.000     1.000
     353    9   33    16.000     1.000
     354    9   34    16.000     1.000
     355    9   35    16.000     1.000
     356    9   36    16.000     1.000
     357    9   37    16.000     1.000
     358    9   38    16.000     1.000
     359    9   39    16.000     1.000
     360    9   40    16.000     1.000
     361    9   41    16.000     1.000
     362    9   42    16.000     1.000
     363    9   43    16.000     1.000
     364    9   44    16.000     1.000
     365    9   45    16.000     1.000
     366    9   46    16.000     1.000
     367    9   47    16.000     1.000
     368    9   48    16.000     1.000
     369    9   49    16.000     1.000
     370    9   50    16.000     1.000
     371    9   51    16.000     1.000
     372    9   53    16.000     1.000
     373    9   54    16.000     1.000
     374    9   55    16.000     1.000
     375    9   56    16.000     1.000
     376   10   14    16.000     1.000
     377   10   18    16.000     1.000
     378   10   19    16.000     1.000
     379   10   20    16.000     1.000
     380   10   21    16.000     1.000
     381   10   22    16.000     1.000
     382   10   23    16.000     1.000
     383   10   24    16.000     1.000
     384   10   25    16.000     1.000
     385   10   26    16.000     1.000
     386   10   27    16.000     1.000
     387   10   28    16.000     1.000
     388   10   29    16.000     1.000
     389   10   30    16.000     1.000
     390   10   31    16.000     1.000
     391   10   32    16.000     1.000
     392   10   33    16.000     1.000
     393   10   34    16.000     1.000
     394   10   35    16.000     1.000
     395   10   36    16.000     1.000
     396   10   37    16.000     1.000
     397   10   38    16.000     1.000
     398   10   39    16.000     1.000
     399   10   40    16.000     1.000
     400   10   41    16.000     1.000
     401   10   42    16.000     1.000
     402   10   43    16.000     1.000
     403   10   44    16.000     1.000
     404   10   45    16.000     1.000
     405   10   46    16.000     1.000
     406   10   47    16.000     1.000
     407   10   48    16.000     1.000
     408   10   49    16.000     1.000
     409   10   50    16.000     1.000
     410   10   51    16.000     1.000
     411   10   52    16.000     1.000
     412   10   53    16.000     1.000
     413   10   54    16.000     1.000
     414   10   55    16.000     1.000
     415   10   56    16.000     1.000
     416   11   15    16.000     1.000
     417   11   16    16.000     1.000
     418   11   17    16.000     1.000
     419   11   18    16.000     1.000
     420   11   19    16.000     1.000
     421   11   20    16.000     1.000
     422   11   21    16.000     1.000
     423   11   22    16.000     1.000
     424   11   23    16.000     1.000
     425   11   24    16.000     1.000
     426   11   25    16.000     1.000
     427   11   26    16.000     1.000
     428   11   27    16.000     1.000
     429   11   28    16.000     1.000
     430   11   29    16.000     1.000
     431   11   30    16.000     1.000
     432   11   31    16.000     1.000
     433   11   32    16.000     1.000
     434   11   33    16.000     1.000
     435   11   34    16.000     1.000
     436   11   35    16.000     1.000
     437   11   36    16.000     1.000
     438   11   37    16.000     1.000
     439   11   38    16.000     1.000
     440   11   39    16.000     1.000
     441   11   40    16.000     1.000
     442   11   41    16.000     1.000
     443   11   42    16.000     1.000
     444   11   43    16.000     1.000
     445   11   44    16.000     1.000
     446   11   45    16.000     1.000
     447   11   46    16.000     1.000
     448   11   47    16.000     1.000
     449   11   48    16.000     1.000
     450   11   49    16.000     1.000
     451   11   50    16.000     1.000
     452   11   51    16.000     1.000
     453   11   52    16.000     1.000
     454   11   53    16.000     1.000
     455   11   54    16.000     1.000
     456   11   55    16.000     1.000
     457   11   56    16.000     1.000
     458   12   16    16.000     1.000
     459   12   17    16.000     1.000
     460   12   18    16.000     1.000
     461   12   19    16.000     1.000
     462   12   20    16.000     1.000
     463   12   21    16.000     1.000
     464   12   22    16.000     1.000
     465   12   23    16.000     1.000
     466   12   24    16.000     1.000
     467   12   25    16.000     1.000
     468   12   26    16.000     1.000
     469   12   27    16.000     1.000
     470   12   28    16.000     1.000
     471   12   29    16.000     1.000
     472   12   30    16.000     1.000
     473   12   31    16.000     1.000
     474   12   32    16.000     1.000
     475   12   33    16.000     1.000
     476   12   34    16.000     1.000
     477   12   35    16.000     1.000
     478   12   36    16.000     1.000
     479   12   37    16.000     1.000
     480   12   38    16.000     1.000
     481   12   39    16.000     1.000
     482   12   40    16.000     1.000
     483   12   41    16.000     1.000
     484   12   42    16.000     1.000
     485   12   43    16.000     1.000
     486   12   44    16.000     1.000
     487   12   45    16.000     1.000
     488   12   46    16.000     1.000
     489   12   47    16.000     1.000
     490   12   48    16.000     1.000
     491   12   49    16.000     1.000
     492   12   50    16.000     1.000
     493   12   51    16.000     1.000
     494   12   52    16.000     1.000
     495   12   53    16.000     1.000
     496   12   54    16.000     1.000
     497   12   55    16.000     1.000
     498   12   56    16.000     1.000
     499   13   17    16.000     1.000
     500   13   18    16.000     1.000
     501   13   19    16.000     1.000
     502   13   20    16.000     1.000
     503   13   21    16.000     1.000
     504   13   22    16.000     1.000
     505   13   23    16.000     1.000
     506   13   24    16.000     1.000
     507   13   25    16.000     1.000
     508   13   26    16.000     1.000
     509   13   27    16.000     1.000
     510   13   28    16.000     1.000
     511   13   29    16.000     1.000
     512   13   30    16.000     1.000
     513   13   31    16.000     1.000
     514   13   32    16.000     1.000
     515   13   33    16.000     1.000
     516   13   34    16.000     1.000
     517   13   35    16.000     1.000
     518   13   36    16.000     1.000
     519   13   37    16.000     1.000
     520   13   38    16.000     1.000
     521   13   39    16.000     1.000
     522   13   40    16.000     1.000
     523   13   41    16.000     1.000
     524   13   42    16.000     1.000
     525   13   43    16.000     1.000
     526   13   44    16.000     1.000
     527   13   45    16.000     1.000
     528   13   46    16.000     1.000
     529   13   47    16.000     1.000
     530   13   48    16.000     1.000
     531   13   49    16.000     1.000
     532   13   50    16.000     1.000
     533   13   51    16.000     1.000
     534   13   52    16.000     1.000
     535   13   53    16.000     1.000
     536   13   54    16.000     1.000
     537   13   55    16.000     1.000
     538   13   56    16.000     1.000
     539   14   18    16.000     1.000
     540   14   19    16.000     1.000
     541   14   20    16.000     1.000
     542   14   21    16.000     1.000
     543   14   22    16.000     1.000
     544   14   23    16.000     1.000
     545   14   24    16.000     1.000
     546   14   25    16.000     1.000
     547   14   26    16.000     1.000
     548   14   27    16.000     1.000
     549   14   28    16.000     1.000
     550   14   29    16.000     1.000
     551   14   30    16.000     1.000
     552   14   31    16.000     1.000
     553   14   32    16.000     1.000
     554   14   33    16.000     1.000
     555   14   34    16.000     1.000
     556   14   35    16.000     1.000
     557   14   37    16.000     1.000
     558   14   38    16.000     1.000
     559   14   39    16.000     1.000
     560   14   40    16.000     1.000
     561   14   41    16.000     1.000
     562   14   42    16.000     1.000
     563   14   43    16.000     1.000
     564   14   44    16.000     1.000
     565   14   48    16.000     1.000
     566   14   49    16.000     1.000
     567   14   50    16.000     1.000
     568   14   51    16.000     1.000
     569   14   52    16.000     1.000
     570   14   53    16.000     1.000
     571   14   54    16.000     1.000
     572   14   55    16.000     1.000
     573   14   56    16.000     1.000
     574   15   19    16.000     1.000
     575   15   20    16.000     1.000
     576   15   21    16.000     1.000
     577   15   22    16.000     1.000
     578   15   23    16.000     1.000
     579   15   24    16.000     1.000
     580   15   25    16.000     1.000
     581   15   26    16.000     1.000
     582   15   27    16.000     1.000
     583   15   28    16.000     1.000
     584   15   29    16.000     1.000
     585   15   30    16.000     1.000
     586   15   31    16.000     1.000
     587   15   32    16.000     1.000
     588   15   33    16.000     1.000
     589   15   35    16.000     1.000
     590   15   36    16.000     1.000
     591   15   37    16.000     1.000
     592   15   38    16.000     1.000
     593   15   39    16.000     1.000
     594   15   40    16.000     1.000
     595   15   41    16.000     1.000
     596   15   42    16.000     1.000
     597   15   43    16.000     1.000
     598   15   44    16.000     1.000
     599   15   45    16.000     1.000
     600   15   48    16.000     1.000
     601   15   49    16.000     1.000
     602   15   50    16.000     1.000
     603   15   51    16.000     1.000
     604   15   52    16.000     1.000
     605   15   53    16.000     1.000
     606   15   54    16.000     1.000
     607   15   55    16.000     1.000
     608   15   56    16.000     1.000
     609   16   20    16.000     1.000
     610   16   21    16.000     1.000
     611   16   22    16.000     1.000
     612   16   23    16.000     1.000
     613   16   24    16.000     1.000
     614   16   25    16.000     1.000
     615   16   26    16.000     1.000
     616   16   27    16.000     1.000
     617   16   28    16.000     1.000
     618   16   29    16.000     1.000
     619   16   30    16.000     1.000
     620   16   31    16.000     1.000
     621   16   32    16.000     1.000
     622   16   33    16.000     1.000
     623   16   34    16.000     1.000
     624   16   35    16.000     1.000
     625   16   36    16.000     1.000
     626   16   37    16.000     1.000
     627   16   38    16.000     1.000
     628   16   40    16.000     1.000
     629   16   41    16.000     1.000
     630   16   42    16.000     1.000
     631   16   43    16.000     1.000
     632   16   49    16.000     1.000
     633   16   50    16.000     1.000
     634   16   51    16.000     1.000
     635   16   52    16.000     1.000
     636   16   53    16.000     1.000
     637   16   54    16.000     1.000
     638   16   55    16.000     1.000
     639   16   56    16.000     1.000
     640   17   21    16.000     1.000
     641   17   22    16.000     1.000
     642   17   23    16.000     1.000
     643   17   24    16.000     1.000
     644   17   25    16.000     1.000
     645   17   26    16.000     1.000
     646   17   27    16.000     1.000
     647   17   28    16.000     1.000
     648   17   29    16.000     1.000
     649   17   30    16.000     1.000
     650   17   31    16.000     1.000
     651   17   32    16.000     1.000
     652   17   33    16.000     1.000
     653   17   34    16.000     1.000
     654   17   35    16.000     1.000
     655   17   36    16.000     1.000
     656   17   37    16.000     1.000
     657   17   38    16.000     1.000
     658   17   39    16.000     1.000
     659   17   40    16.000     1.000
     660   17   41    16.000     1.000
     661   17   42    16.000     1.000
     662   17   43    16.000     1.000
     663   17   44    16.000     1.000
     664   17   45    16.000     1.000
     665   17   46    16.000     1.000
     666   17   47    16.000     1.000
     667   17   48    16.000     1.000
     668   17   49    16.000     1.000
     669   17   50    16.000     1.000
     670   17   51    16.000     1.000
     671   17   52    16.000     1.000
     672   17   53    16.000     1.000
     673   17   54    16.000     1.000
     674   17   55    16.000     1.000
     675   17   56    16.000     1.000
     676   18   23    16.000     1.000
     677   18   25    16.000     1.000
     678   18   26    16.000     1.000
     679   18   27    16.000     1.000
     680   18   28    16.000     1.000
     681   18   29    16.000     1.000
     682   18   30    16.000     1.000
     683   18   31    16.000     1.000
     684   18   32    16.000     1.000
     685   18   33    16.000     1.000
     686   18   34    16.000     1.000
     687   18   35    16.000     1.000
     688   18   36    16.000     1.000
     689   18   37    16.000     1.000
     690   18   38    16.000     1.000
     691   18   39    16.000     1.000
     692   18   40    16.000     1.000
     693   18   41    16.000     1.000
     694   18   42    16.000     1.000
     695   18   43    16.000     1.000
     696   18   44    16.000     1.000
     697   18   45    16.000     1.000
     698   18   46    16.000     1.000
     699   18   47    16.000     1.000
     700   18   50    16.000     1.000
     701   18   51    16.000     1.000
     702   18   54    16.000     1.000
     703   18   55    16.000     1.000
     704   18   56    16.000     1.000
     705   19   23    16.000     1.000
     706   19   24    16.000     1.000
     707   19   25    16.000     1.000
     708   19   26    16.000     1.000
     709   19   27    16.000     1.000
     710   19   28    16.000     1.000
     711   19   29    16.000     1.000
     712   19   30    16.000     1.000
     713   19   31    16.000     1.000
     714   19   32    16.000     1.000
     715   19   33    16.000     1.000
     716   19   34    16.000     1.000
     717   19   35    16.000     1.000
     718   19   36    16.000     1.000
     719   19   37    16.000     1.000
     720   19   38    16.000     1.000
     721   19   39    16.000     1.000
     722   19   40    16.000     1.000
     723   19   41    16.000     1.000
     724   19   42    16.000     1.000
     725   19   43    16.000     1.000
     726   19   44    16.000     1.000
     727   19   45    16.000     1.000
     728   19   46    16.000     1.000
     729   19   47    16.000     1.000
     730   19   48    16.000     1.000
     731   19   49    16.000     1.000
     732   19   50    16.000     1.000
     733   19   51    16.000     1.000
     734   19   52    16.000     1.000
     735   19   53    16.000     1.000
     736   19   54    16.000     1.000
     737   19   55    16.000     1.000
     738   19   56    16.000     1.000
     739   20   24    16.000     1.000
     740   20   25    16.000     1.000
     741   20   26    16.000     1.000
     742   20   27    16.000     1.000
     743   20   28    16.000     1.000
     744   20   29    16.000     1.000
     745   20   30    16.000     1.000
     746   20   31    16.000     1.000
     747   20   32    16.000     1.000
     748   20   33    16.000     1.000
     749   20   34    16.000     1.000
     750   20   35    16.000     1.000
     751   20   36    16.000     1.000
     752   20   37    16.000     1.000
     753   20   38    16.000     1.000
     754   20   39    16.000     1.000
     755   20   40    16.000     1.000
     756   20   41    16.000     1.000
     757   20   42    16.000     1.000
     758   20   43    16.000     1.000
     759   20   44    16.000     1.000
     760   20   45    16.000     1.000
     761   20   46    16.000     1.000
     762   20   47    16.000     1.000
     763   20   48    16.000     1.000
     764   20   49    16.000     1.000
     765   20   50    16.000     1.000
     766   20   51    16.000     1.000
     767   20   52    16.000     1.000
     768   20   53    16.000     1.000
     769   20   54    16.000     1.000
     770   20   55    16.000     1.000
     771   20   56    16.000     1.000
     772   21   25    16.000     1.000
     773   21   26    16.000     1.000
     774   21   27    16.000     1.000
     775   21   28    16.000     1.000
     776   21   29    16.000     1.000
     777   21   30    16.000     1.000
     778   21   31    16.000     1.000
     779   21   32    16.000     1.000
     780   21   33    16.000     1.000
     781   21   34    16.000     1.000
     782   21   35    16.000     1.000
     783   21   36    16.000     1.000
     784   21   37    16.000     1.000
     785   21   38    16.000     1.000
     786   21   39    16.000     1.000
     787   21   40    16.000     1.000
     788   21   41    16.000     1.000
     789   21   42    16.000     1.000
     790   21   43    16.000     1.000
     791   21   44    16.000     1.000
     792   21   45    16.000     1.000
     793   21   46    16.000     1.000
     794   21   47    16.000     1.000
     795   21   48    16.000     1.000
     796   21   49    16.000     1.000
     797   21   50    16.000     1.000
     798   21   51    16.000     1.000
     799   21   52    16.000     1.000
     800   21   53    16.000     1.000
     801   21   54    16.000     1.000
     802   21   55    16.000     1.000
     803   21   56    16.000     1.000
     804   22   26    16.000     1.000
     805   22   27    16.000     1.000
     806   22   28    16.000     1.000
     807   22   29    16.000     1.000
     808   22   30    16.000     1.000
     809   22   31    16.000     1.000
     810   22   32    16.000     1.000
     811   22   33    16.000     1.000
     812   22   34    16.000     1.000
     813   22   35    16.000     1.000
     814   22   36    16.000     1.000
     815   22   37    16.000     1.000
     816   22   38    16.000     1.000
     817   22   40    16.000     1.000
     818   22   42    16.000     1.000
     819   22   43    16.000     1.000
     820   22   44    16.000     1.000
     821   22   45    16.000     1.000
     822   22   46    16.000     1.000
     823   22   47    16.000     1.000
     824   22   48    16.000     1.000
     825   22   49    16.000     1.000
     826   22   50    16.000     1.000
     827   22   51    16.000     1.000
     828   22   52    16.000     1.000
     829   22   53    16.000     1.000
     830   22   54    16.000     1.000
     831   22   55    16.000     1.000
     832   22   56    16.000     1.000
     833   23   27    16.000     1.000
     834   23   28    16.000     1.000
     835   23   29    16.000     1.000
     836   23   30    16.000     1.000
     837   23   31    16.000     1.000
     838   23   32    16.000     1.000
     839   23   33    16.000     1.000
     840   23   34    16.000     1.000
     841   23   35    16.000     1.000
     842   23   36    16.000     1.000
     843   23   37    16.000     1.000
     844   23   38    16.000     1.000
     845   23   42    16.000     1.000
     846   23   43    16.000     1.000
     847   23   44    16.000     1.000
     848   23   45    16.000     1.000
     849   23   46    16.000     1.000
     850   23   47    16.000     1.000
     851   23   48    16.000     1.000
     852   23   49    16.000     1.000
     853   23   50    16.000     1.000
     854   23   51    16.000     1.000
     855   23   52    16.000     1.000
     856   23   53    16.000     1.000
     857   23   54    16.000     1.000
     858   23   55    16.000     1.000
     859   23   56    16.000     1.000
     860   24   28    16.000     1.000
     861   24   29    16.000     1.000
     862   24   30    16.000     1.000
     863   24   31    16.000     1.000
     864   24   32    16.000     1.000
     865   24   33    16.000     1.000
     866   24   34    16.000     1.000
     867   24   35    16.000     1.000
     868   24   36    16.000     1.000
     869   24   41    16.000     1.000
     870   24   42    16.000     1.000
     871   24   43    16.000     1.000
     872   24   44    16.000     1.000
     873   24   45    16.000     1.000
     874   24   47    16.000     1.000
     875   24   49    16.000     1.000
     876   24   50    16.000     1.000
     877   24   51    16.000     1.000
     878   24   52    16.000     1.000
     879   24   54    16.000     1.000
     880   24   55    16.000     1.000
     881   24   56    16.000     1.000
     882   25   29    16.000     1.000
     883   25   30    16.000     1.000
     884   25   31    16.000     1.000
     885   25   32    16.000     1.000
     886   25   33    16.000     1.000
     887   25   34    16.000     1.000
     888   25   35    16.000     1.000
     889   25   36    16.000     1.000
     890   25   39    16.000     1.000
     891   25   41    16.000     1.000
     892   25   42    16.000     1.000
     893   25   43    16.000     1.000
     894   25   44    16.000     1.000
     895   25   45    16.000     1.000
     896   25   46    16.000     1.000
     897   25   47    16.000     1.000
     898   25   48    16.000     1.000
     899   25   49    16.000     1.000
     900   25   50    16.000     1.000
     901   25   51    16.000     1.000
     902   25   52    16.000     1.000
     903   25   53    16.000     1.000
     904   25   54    16.000     1.000
     905   25   55    16.000     1.000
     906   25   56    16.000     1.000
     907   26   30    16.000     1.000
     908   26   31    16.000     1.000
     909   26   32    16.000     1.000
     910   26   33    16.000     1.000
     911   26   34    16.000     1.000
     912   26   38    16.000     1.000
     913   26   39    16.000     1.000
     914   26   40    16.000     1.000
     915   26   41    16.000     1.000
     916   26   42    16.000     1.000
     917   26   43    16.000     1.000
     918   26   44    16.000     1.000
     919   26   45    16.000     1.000
     920   26   46    16.000     1.000
     921   26   47    16.000     1.000
     922   26   49    16.000     1.000
     923   26   50    16.000     1.000
     924   26   51    16.000     1.000
     925   26   52    16.000     1.000
     926   26   53    16.000     1.000
     927   26   54    16.000     1.000
     928   26   55    16.000     1.000
     929   26   56    16.000     1.000
     930   27   31    16.000     1.000
     931   27   32    16.000     1.000
     932   27   33    16.000     1.000
     933   27   34    16.000     1.000
     934   27   35    16.000     1.000
     935   27   39    16.000     1.000
     936   27   40    16.000     1.000
     937   27   41    16.000     1.000
     938   27   42    16.000     1.000
     939   27   43    16.000     1.000
     940   27   44    16.000     1.000
     941   27   45    16.000     1.000
     942   27   46    16.000     1.000
     943   27   47    16.000     1.000
     944   27   48    16.000     1.000
     945   27   49    16.000     1.000
     946   27   50    16.000     1.000
     947   27   51    16.000     1.000
     948   27   52    16.000     1.000
     949   27   53    16.000     1.000
     950   27   54    16.000     1.000
     951   27   55    16.000     1.000
     952   27   56    16.000     1.000
     953   28   32    16.000     1.000
     954   28   33    16.000     1.000
     955   28   34    16.000     1.000
     956   28   37    16.000     1.000
     957   28   38    16.000     1.000
     958   28   39    16.000     1.000
     959   28   40    16.000     1.000
     960   28   41    16.000     1.000
     961   28   42    16.000     1.000
     962   28   43    16.000     1.000
     963   28   44    16.000     1.000
     964   28   45    16.000     1.000
     965   28   46    16.000     1.000
     966   28   47    16.000     1.000
     967   28   48    16.000     1.000
     968   28   49    16.000     1.000
     969   28   50    16.000     1.000
     970   28   51    16.000     1.000
     971   28   52    16.000     1.000
     972   28   53    16.000     1.000
     973   28   54    16.000     1.000
     974   28   55    16.000     1.000
     975   28   56    16.000     1.000
     976   29   37    16.000     1.000
     977   29   38    16.000     1.000
     978   29   39    16.000     1.000
     979   29   40    16.000     1.000
     980   29   41    16.000     1.000
     981   29   42    16.000     1.000
     982   29   43    16.000     1.000
     983   29   44    16.000     1.000
     984   29   45    16.000     1.000
     985   29   46    16.000     1.000
     986   29   48    16.000     1.000
     987   29   49    16.000     1.000
     988   29   50    16.000     1.000
     989   29   51    16.000     1.000
     990   29   52    16.000     1.000
     991   29   53    16.000     1.000
     992   29   54    16.000     1.000
     993   29   55    16.000     1.000
     994   29   56    16.000     1.000
     995   30   34    16.000     1.000
     996   30   36    16.000     1.000
     997   30   37    16.000     1.000
     998   30   38    16.000     1.000
     999   30   39    16.000     1.000
    1000   30   40    16.000     1.000
    1001   30   41    16.000     1.000
    1002   30   42    16.000     1.000
    1003   30   43    16.000     1.000
    1004   30   44    16.000     1.000
    1005   30   45    16.000     1.000
    1006   30   46    16.000     1.000
    1007   30   47    16.000     1.000
    1008   30   48    16.000     1.000
    1009   30   49    16.000     1.000
    1010   30   50    16.000     1.000
    1011   30   51    16.000     1.000
    1012   30   52    16.000     1.000
    1013   30   53    16.000     1.000
    1014   30   54    16.000     1.000
    1015   30   55    16.000     1.000
    1016   30   56    16.000     1.000
    1017   31   36    16.000     1.000
    1018   31   37    16.000     1.000
    1019   31   38    16.000     1.000
    1020   31   39    16.000     1.000
    1021   31   40    16.000     1.000
    1022   31   41    16.000     1.000
    1023   31   42    16.000     1.000
    1024   31   43    16.000     1.000
    1025   31   44    16.000     1.000
    1026   31   45    16.000     1.000
    1027   31   46    16.000     1.000
    1028   31   47    16.000     1.000
    1029   31   48    16.000     1.000
    1030   31   49    16.000     1.000
    1031   31   50    16.000     1.000
    1032   31   51    16.000     1.000
    1033   31   52    16.000     1.000
    1034   31   53    16.000     1.000
    1035   31   54    16.000     1.000
    1036   31   55    16.000     1.000
    1037   31   56    16.000     1.000
    1038   32   36    16.000     1.000
    1039   32   37    16.000     1.000
    1040   32   38    16.000     1.000
    1041   32   39    16.000     1.000
    1042   32   40    16.000     1.000
    1043   32   41    16.000     1.000
    1044   32   42    16.000     1.000
    1045   32   43    16.000     1.000
    1046   32   44    16.000     1.000
    1047   32   45    16.000     1.000
    1048   32   46    16.000     1.000
    1049   32   47    16.000     1.000
    1050   32   48    16.000     1.000
    1051   32   49    16.000     1.000
    1052   32   51    16.000     1.000
    1053   32   52    16.000     1.000
    1054   32   53    16.000     1.000
    1055   32   54    16.000     1.000
    1056   32   55    16.000     1.000
    1057   32   56    16.000     1.000
    1058   33   37    16.000     1.000
    1059   33   38    16.000     1.000
    1060   33   39    16.000     1.000
    1061   33   40    16.000     1.000
    1062   33   41    16.000     1.000
    1063   33   42    16.000     1.000
    1064   33   43    16.000     1.000
    1065   33   44    16.000     1.000
    1066   33   45    16.000     1.000
    1067   33   46    16.000     1.000
    1068   33   47    16.000     1.000
    1069   33   48    16.000     1.000
    1070   33   52    16.000     1.000
    1071   33   53    16.000     1.000
    1072   33   54    16.000     1.000
    1073   33   55    16.000     1.000
    1074   33   56    16.000     1.000
    1075   34   38    16.000     1.000
    1076   34   39    16.000     1.000
    1077   34   40    16.000     1.000
    1078   34   41    16.000     1.000
    1079   34   42    16.000     1.000
    1080   34   43    16.000     1.000
    1081   34   44    16.000     1.000
    1082   34   45    16.000     1.000
    1083   34   46    16.000     1.000
    1084   34   50    16.000     1.000
    1085   34   51    16.000     1.000
    1086   34   52    16.000     1.000
    1087   34   53    16.000     1.000
    1088   34   54    16.000     1.000
    1089   34   55    16.000     1.000
    1090   34   56    16.000     1.000
    1091   35   39    16.000     1.000
    1092   35   40    16.000     1.000
    1093   35   41    16.000     1.000
    1094   35   42    16.000     1.000
    1095   35   43    16.000     1.000
    1096   35   44    16.000     1.000
    1097   35   45    16.000     1.000
    1098   35   46    16.000     1.000
    1099   35   49    16.000     1.000
    1100   35   51    16.000     1.000
    1101   35   52    16.000     1.000
    1102   35   56    16.000     1.000
    1103   36   40    16.000     1.000
    1104   36   41    16.000     1.000
    1105   36   42    16.000     1.000
    1106   36   43    16.000     1.000
    1107   36   44    16.000     1.000
    1108   36   48    16.000     1.000
    1109   36   49    16.000     1.000
    1110   36   50    16.000     1.000
    1111   36   51    16.000     1.000
    1112   36   52    16.000     1.000
    1113   36   53    16.000     1.000
    1114   36   54    16.000     1.000
    1115   36   55    16.000     1.000
    1116   36   56    16.000     1.000
    1117   37   41    16.000     1.000
    1118   37   42    16.000     1.000
    1119   37   43    16.000     1.000
    1120   37   47    16.000     1.000
    1121   37   49    16.000     1.000
    1122   37   50    16.000     1.000
    1123   37   51    16.000     1.000
    1124   37   52    16.000     1.000
    1125   37   53    16.000     1.000
    1126   37   54    16.000     1.000
    1127   37   55    16.000     1.000
    1128   37   56    16.000     1.000
    1129   38   42    16.000     1.000
    1130   38   46    16.000     1.000
    1131   38   47    16.000     1.000
    1132   38   48    16.000     1.000
    1133   38   49    16.000     1.000
    1134   38   50    16.000     1.000
    1135   38   51    16.000     1.000
    1136   38   52    16.000     1.000
    1137   38   53    16.000     1.000
    1138   38   54    16.000     1.000
    1139   38   55    16.000     1.000
    1140   38   56    16.000     1.000
    1141   39   45    16.000     1.000
    1142   39   46    16.000     1.000
    1143   39   47    16.000     1.000
    1144   39   48    16.000     1.000
    1145   39   49    16.000     1.000
    1146   39   50    16.000     1.000
    1147   39   51    16.000     1.000
    1148   39   52    16.000     1.000
    1149   39   53    16.000     1.000
    1150   39   54    16.000     1.000
    1151   39   55    16.000     1.000
    1152   39   56    16.000     1.000
    1153   40   44    16.000     1.000
    1154   40   45    16.000     1.000
    1155   40   46    16.000     1.000
    1156   40   47    16.000     1.000
    1157   40   48    16.000     1.000
    1158   40   49    16.000     1.000
    1159   40   50    16.000     1.000
    1160   40   51    16.000     1.000
    1161   40   52    16.000     1.000
    1162   40   53    16.000     1.000
    1163   40   54    16.000     1.000
    1164   40   55    16.000     1.000
    1165   40   56    16.000     1.000
    1166   41   45    16.000     1.000
    1167   41   46    16.000     1.000
    1168   41   47    16.000     1.000
    1169   41   48    16.000     1.000
    1170   41   49    16.000     1.000
    1171   41   50    16.000     1.000
    1172   41   51    16.000     1.000
    1173   41   52    16.000     1.000
    1174   41   53    16.000     1.000
    1175   41   54    16.000     1.000
    1176   41   55    16.000     1.000
    1177   41   56    16.000     1.000
    1178   42   46    16.000     1.000
    1179   42   47    16.000     1.000
    1180   42   48    16.000     1.000
    1181   42   49    16.000     1.000
    1182   42   50    16.000     1.000
    1183   42   51    16.000     1.000
    1184   42   52    16.000     1.000
    1185   42   53    16.000     1.000
    1186   42   54    16.000     1.000
    1187   42   55    16.000     1.000
    1188   42   56    16.000     1.000
    1189   43   47    16.000     1.000
    1190   43   48    16.000     1.000
    1191   43   49    16.000     1.000
    1192   43   50    16.000     1.000
    1193   43   51    16.000     1.000
    1194   43   52    16.000     1.000
    1195   43   53    16.000     1.000
    1196   43   54    16.000     1.000
    1197   43   55    16.000     1.000
    1198   43   56    16.000     1.000
    1199   44   48    16.000     1.000
    1200   44   49    16.000     1.000
    1201   44   50    16.000     1.000
    1202   44   51    16.000     1.000
    1203   44   52    16.000     1.000
    1204   44   53    16.000     1.000
    1205   44   54    16.000     1.000
    1206   44   55    16.000     1.000
    1207   44   56    16.000     1.000
    1208   45   49    16.000     1.000
    1209   45   50    16.000     1.000
    1210   45   51    16.000     1.000
    1211   45   52    16.000     1.000
    1212   45   53    16.000     1.000
    1213   45   54    16.000     1.000
    1214   45   55    16.000     1.000
    1215   45   56    16.000     1.000
    1216   46   50    16.000     1.000
    1217   46   51    16.000     1.000
    1218   46   52    16.000     1.000
    1219   46   53    16.000     1.000
    1220   46   54    16.000     1.000
    1221   46   55    16.000     1.000
    1222   46   56    16.000     1.000
    1223   47   51    16.000     1.000
    1224   47   52    16.000     1.000
    1225   47   53    16.000     1.000
    1226   47   54    16.000     1.000
    1227   47   55    16.000     1.000
    1228   47   56    16.000     1.000
    1229   48   52    16.000     1.000
    1230   48   54    16.000     1.000
    1231   48   55    16.000     1.000
    1232   48   56    16.000     1.000
    1233   49   54    16.000     1.000
    1234   49   55    16.000     1.000
    1235   49   56    16.000     1.000
    1236   50   54    16.000     1.000
    1237   50   55    16.000     1.000
    1238   50   56    16.000     1.000
    1239   51   55    16.000     1.000
    1240   51   56    16.000     1.000
    1241   52   56    16.000     1.000
          11 electrostatic residues.
       1    7  -1.000
       2    9  -1.000
       3   11   1.000
       4   13  -1.000
       5   15  -1.000
       6   19   1.000
       7   20   1.000
       8   22  -1.000
       9   23   1.000
      10   31  -1.000
      11   33  -1.000
          56 atom positions.
           1 chains.
          56 is the size of chain           1.
    1   1 CA THR  15.308  14.180  -2.955   1.000
    2   2 CA PHE  13.365  10.960  -3.638   1.000
    3   3 CA VAL  11.955   8.304  -1.278   1.000
    4   4 CA ALA  12.337   4.503  -1.101   1.000
    5   5 CA LEU   8.698   3.386  -1.481   1.000
    6   6 CA TYR   9.689  -0.159  -0.446   1.000
    7   7 CA ASP  12.826  -1.976   0.751   1.000
    8   8 CA TYR  14.082  -3.493  -2.542   1.000
    9   9 CA GLU  15.681  -6.745  -1.322   1.000
   10  10 CA SER  18.302  -6.999  -4.096   1.000
   11  11 CA ARG  20.140 -10.348  -4.237   1.000
   12  12 CA THR  23.450  -9.487  -5.951   1.000
   13  13 CA GLU  26.087  -7.065  -4.619   1.000
   14  14 CA THR  25.799  -5.071  -7.867   1.000
   15  15 CA ASP  22.674  -3.343  -6.505   1.000
   16  16 CA LEU  22.423  -2.435  -2.805   1.000
   17  17 CA SER  19.119  -3.195  -1.097   1.000
   18  18 CA PHE  17.813  -0.013   0.538   1.000
   19  19 CA LYS  14.688   0.475   2.649   1.000
   20  20 CA LYS  11.650   2.762   2.965   1.000
   21  21 CA GLY  12.012   5.938   5.057   1.000
   22  22 CA GLU  15.719   6.262   4.188   1.000
   23  23 CA ARG  16.908   9.273   2.157   1.000
   24  24 CA LEU  18.569   8.522  -1.201   1.000
   25  25 CA GLN  20.019  10.839  -3.873   1.000
   26  26 CA ILE  18.903   9.663  -7.336   1.000
   27  27 CA VAL  21.765   9.577  -9.866   1.000
   28  28 CA ASN  20.539   8.940 -13.423   1.000
   29  29 CA ASN  17.678   7.228 -15.305   1.000
   30  30 CA THR  14.692   9.612 -15.232   1.000
   31  31 CA GLU  12.225   7.211 -16.891   1.000
   32  32 CA GLY  10.696   4.373 -14.843   1.000
   33  33 CA ASP  13.137   1.438 -14.598   1.000
   34  34 CA TRP  16.122   0.990 -12.243   1.000
   35  35 CA TRP  17.859   4.268 -11.432   1.000
   36  36 CA LEU  21.014   4.235  -9.290   1.000
   37  37 CA ALA  20.833   6.244  -6.051   1.000
   38  38 CA HIS  23.716   7.111  -3.699   1.000
   39  39 CA SER  23.222   7.134   0.092   1.000
   40  40 CA LEU  24.539  10.272   1.830   1.000
   41  41 CA THR  25.201   8.354   5.068   1.000
   42  42 CA THR  28.086   6.035   4.117   1.000
   43  43 CA GLY  28.283   6.838   0.388   1.000
   44  44 CA GLN  27.501   3.458  -1.212   1.000
   45  45 CA THR  25.961   3.020  -4.681   1.000
   46  46 CA GLY  22.830   0.862  -5.027   1.000
   47  47 CA TYR  20.312   0.557  -7.884   1.000
   48  48 CA ILE  16.933   1.473  -6.344   1.000
   49  49 CA PRO  13.969   0.178  -8.373   1.000
   50  50 CA SER  11.809   2.989  -9.801   1.000
   51  51 CA ASN   8.670   1.183  -8.595   1.000
   52  52 CA TYR  10.322   1.101  -5.155   1.000
   53  53 CA VAL  11.125   4.842  -5.177   1.000
   54  54 CA ALA   9.200   8.091  -5.691   1.000
   55  55 CA PRO  10.073  11.790  -6.056   1.000
   56  56 CA SER   9.020  12.876  -2.544   1.000
