  # There has been        5000 steps
 # The current temp is  0.588626027    
 # Number of atoms
         161
 # X(i)Y(i)Z(i)
    1   1 CA GLY -53.281 -23.380  55.495   1.000
    2   2 CA PRO -52.651 -23.595  51.702   1.000
    3   3 CA CYS -49.523 -23.480  53.904   1.000
    4   4 CA SER -50.901 -22.101  57.079   1.000
    5   5 CA SER -47.904 -19.927  57.482   1.000
    6   6 CA LEU -46.005 -23.186  57.350   1.000
    7   7 CA THR -45.805 -22.433  61.052   1.000
    8   8 CA GLY -42.094 -22.090  60.791   1.000
    9   9 CA PHE -42.859 -18.588  59.497   1.000
   10  10 CA SER -39.185 -17.984  60.218   1.000
   11  11 CA ASN -38.834 -21.384  58.600   1.000
   12  12 CA TRP -35.381 -21.106  59.959   1.000
   13  13 CA SER -33.919 -18.057  58.175   1.000
   14  14 CA ALA -32.383 -18.019  61.617   1.000
   15  15 CA ALA -29.408 -15.861  60.742   1.000
   16  16 CA ILE -27.157 -18.305  62.572   1.000
   17  17 CA ALA -26.514 -20.311  59.384   1.000
   18  18 CA PRO -28.358 -23.389  60.609   1.000
   19  19 CA SER -24.833 -24.099  59.495   1.000
   20  20 CA SER -25.281 -27.127  61.752   1.000
   21  21 CA SER -21.655 -26.424  62.662   1.000
   22  22 CA THR -21.475 -28.979  65.465   1.000
   23  23 CA ILE -18.042 -30.070  64.352   1.000
   24  24 CA ILE -16.901 -30.259  67.933   1.000
   25  25 CA ASN -13.549 -31.830  67.021   1.000
   26  26 CA GLU -14.280 -35.331  68.270   1.000
   27  27 CA ASP -13.148 -36.843  64.956   1.000
   28  28 CA ALA  -9.950 -37.731  66.818   1.000
   29  29 CA SER  -9.235 -40.794  64.764   1.000
   30  30 CA PHE  -5.447 -40.797  65.395   1.000
   31  31 CA PHE  -4.494 -40.121  61.788   1.000
   32  32 CA HIS  -5.768 -43.547  60.896   1.000
   33  33 CA GLN  -2.167 -44.378  60.239   1.000
   34  34 CA GLY  -2.938 -48.032  60.024   1.000
   35  35 CA GLY  -4.690 -47.984  56.667   1.000
   36  36 CA VAL  -3.814 -51.723  56.708   1.000
   37  37 CA PRO  -3.458 -51.737  53.003   1.000
   38  38 CA ALA  -6.740 -53.396  53.881   1.000
   39  39 CA ALA  -5.430 -56.330  51.961   1.000
   40  40 CA SER  -2.161 -56.844  53.799   1.000
   41  41 CA ALA  -1.131 -59.993  51.912   1.000
   42  42 CA ASN   1.259 -60.802  54.700   1.000
   43  43 CA ASN   3.352 -58.942  52.151   1.000
   44  44 CA GLY   6.413 -59.652  54.327   1.000
   45  45 CA ALA   8.253 -56.903  52.584   1.000
   46  46 CA LEU   5.631 -56.767  49.840   1.000
   47  47 CA LEU   8.646 -57.367  47.695   1.000
   48  48 CA PHE  10.633 -59.514  50.130   1.000
   49  49 CA GLN  10.830 -62.496  47.748   1.000
   50  50 CA ASN  14.542 -62.409  47.398   1.000
   51  51 CA PHE  14.495 -58.892  48.877   1.000
   52  52 CA PRO  15.907 -57.596  45.501   1.000
   53  53 CA HIS  19.110 -59.256  46.869   1.000
   54  54 CA HIS  20.625 -58.861  43.452   1.000
   55  55 CA VAL  22.990 -61.782  44.265   1.000
   56  56 CA SER  25.370 -59.361  42.705   1.000
   57  57 CA PRO  28.355 -61.716  43.328   1.000
   58  58 CA GLY  27.125 -60.949  46.846   1.000
   59  59 CA PHE  30.593 -61.444  48.235   1.000
   60  60 CA GLY  31.647 -58.135  46.725   1.000
   61  61 CA GLY  34.459 -57.616  49.106   1.000
   62  62 CA SER  35.879 -54.877  46.917   1.000
   63  63 CA PHE  38.783 -57.236  46.856   1.000
   64  64 CA SER  39.661 -55.518  43.579   1.000
   65  65 CA PRO  42.695 -57.798  43.706   1.000
   66  66 CA GLN  44.134 -54.385  42.853   1.000
   67  67 CA ILE  43.695 -54.673  39.166   1.000
   68  68 CA GLY  46.342 -52.185  38.018   1.000
   69  69 CA PRO  43.868 -50.471  35.681   1.000
   70  70 CA LEU  46.742 -47.927  35.577   1.000
   71  71 CA SER  45.828 -46.436  32.214   1.000
   72  72 CA GLN  46.960 -49.928  31.314   1.000
   73  73 CA HIS  43.898 -51.185  29.521   1.000
   74  74 CA HIS  43.183 -48.478  26.937   1.000
   75  75 CA PRO  46.828 -47.525  26.468   1.000
   76  76 CA HIS  45.319 -44.729  24.410   1.000
   77  77 CA HIS  48.962 -43.975  24.009   1.000
   78  78 CA PRO  48.435 -43.921  20.230   1.000
   79  79 CA HIS  46.140 -40.978  20.990   1.000
   80  80 CA PHE  45.207 -40.888  17.342   1.000
   81  81 CA GLN  44.837 -37.093  17.638   1.000
   82  82 CA HIS  41.143 -37.206  16.836   1.000
   83  83 CA HIS  41.269 -40.982  17.122   1.000
   84  84 CA HIS  38.024 -41.097  15.306   1.000
   85  85 CA SER  37.674 -37.360  15.525   1.000
   86  86 CA GLN  37.437 -37.389  11.750   1.000
   87  87 CA HIS  37.490 -41.079  12.404   1.000
   88  88 CA GLN  40.424 -41.021   9.964   1.000
   89  89 CA GLN  41.274 -37.437  10.298   1.000
   90  90 CA GLN  41.547 -36.422   6.677   1.000
   91  91 CA ARG  38.400 -34.356   6.502   1.000
   92  92 CA ARG  40.369 -31.468   5.175   1.000
   93  93 CA SER  37.935 -29.588   2.961   1.000
   94  94 CA PRO  34.849 -29.049   5.195   1.000
   95  95 CA ALA  32.539 -30.306   2.412   1.000
   96  96 CA SER  32.765 -26.899   0.791   1.000
   97  97 CA PRO  33.376 -24.482   3.613   1.000
   98  98 CA HIS  35.497 -23.538   0.554   1.000
   99  99 CA PRO  33.126 -20.640   0.133   1.000
  100 100 CA PRO  36.559 -19.078  -0.305   1.000
  101 101 CA PRO  36.400 -18.237   3.491   1.000
  102 102 CA PHE  36.350 -14.936   1.566   1.000
  103 103 CA THR  34.630 -14.433   4.914   1.000
  104 104 CA HIS  37.541 -12.597   6.358   1.000
  105 105 CA ARG  38.081 -10.234   3.482   1.000
  106 106 CA ASN  41.816 -10.678   2.953   1.000
  107 107 CA ALA  42.168 -11.810   6.400   1.000
  108 108 CA ALA  44.781  -9.252   7.216   1.000
  109 109 CA PHE  44.243  -6.820   4.404   1.000
  110 110 CA ASN  41.491  -5.459   6.545   1.000
  111 111 CA GLN  39.020  -4.516   3.854   1.000
  112 112 CA LEU  37.493  -1.691   5.802   1.000
  113 113 CA PRO  40.947  -0.561   5.103   1.000
  114 114 CA HIS  39.176   1.596   2.540   1.000
  115 115 CA LEU  37.968   3.640   5.478   1.000
  116 116 CA ALA  35.939   6.018   3.333   1.000
  117 117 CA ASN  37.706   4.093   0.593   1.000
  118 118 CA ASN  38.041   7.247  -1.536   1.000
  119 119 CA LEU  34.414   8.067  -2.141   1.000
  120 120 CA ASN  34.681   9.199  -5.713   1.000
  121 121 CA LYS  32.770  12.314  -5.007   1.000
  122 122 CA PRO  33.400  12.749  -8.733   1.000
  123 123 CA PRO  34.600  15.840  -6.699   1.000
  124 124 CA SER  37.287  15.618  -9.314   1.000
  125 125 CA PRO  36.450  18.830 -11.201   1.000
  126 126 CA TRP  32.866  18.798  -9.914   1.000
  127 127 CA SER  31.474  19.688 -13.332   1.000
  128 128 CA SER  35.028  19.916 -14.648   1.000
  129 129 CA TYR  33.869  19.063 -18.085   1.000
  130 130 CA GLN  37.063  17.580 -19.529   1.000
  131 131 CA SER  38.717  20.570 -20.976   1.000
  132 132 CA PRO  35.555  21.352 -22.864   1.000
  133 133 CA SER  37.989  23.747 -24.507   1.000
  134 134 CA PRO  40.733  21.222 -24.748   1.000
  135 135 CA THR  42.211  23.854 -27.062   1.000
  136 136 CA PRO  38.981  24.906 -28.577   1.000
  137 137 CA SER  40.482  22.171 -30.712   1.000
  138 138 CA SER  41.138  25.739 -31.906   1.000
  139 139 CA SER  43.468  25.030 -34.771   1.000
  140 140 CA TRP  42.859  21.304 -34.392   1.000
  141 141 CA SER  42.121  20.889 -38.002   1.000
  142 142 CA PRO  44.396  18.040 -39.040   1.000
  143 143 CA GLY  46.789  19.600 -36.587   1.000
  144 144 CA GLY  47.711  21.833 -39.514   1.000
  145 145 CA GLY  49.854  18.869 -40.816   1.000
  146 146 CA GLY  47.241  18.389 -43.495   1.000
  147 147 CA TYR  49.422  16.834 -46.131   1.000
  148 148 CA GLY  46.476  14.997 -47.603   1.000
  149 149 CA GLY  47.826  15.516 -51.063   1.000
  150 150 CA TRP  46.252  18.878 -50.557   1.000
  151 151 CA GLY  45.528  18.428 -54.196   1.000
  152 152 CA GLY  41.871  17.479 -53.728   1.000
  153 153 CA SER  42.021  14.955 -56.641   1.000
  154 154 CA GLN  45.260  16.906 -56.943   1.000
  155 155 CA GLY  45.458  16.619 -60.652   1.000
  156 156 CA ARG  45.978  20.371 -60.734   1.000
  157 157 CA ASP  49.620  19.713 -60.471   1.000
  158 158 CA HIS  50.823  23.246 -60.994   1.000
  159 159 CA ARG  53.319  22.399 -63.639   1.000
  160 160 CA ARG  53.723  18.774 -62.756   1.000
  161 161 CA CYS  56.356  19.199 -60.161   1.000
    1   1.388   0.495  -1.072
    2  -0.347  -0.361  -0.259
    3  -0.554   0.420  -0.382
    4  -0.667   0.341  -0.661
    5  -0.014   0.271   1.474
    6   0.237   1.485   0.421
    7  -0.048   0.020   0.599
    8   0.035   0.795   0.965
    9   1.239  -0.006   1.150
   10   1.070   0.223  -0.255
   11  -1.123   0.413  -0.709
   12   0.328  -0.093  -0.456
   13   0.542   0.464  -0.162
   14  -0.343  -0.194  -0.295
   15  -1.010  -1.199  -0.032
   16   0.159  -0.090  -0.483
   17  -0.268  -1.552  -0.604
   18  -0.816  -0.719  -0.979
   19  -0.238  -0.017   0.470
   20  -0.088  -0.540  -0.504
   21   0.622  -1.238   0.963
   22   0.757  -0.331   1.694
   23  -0.670  -1.069  -0.485
   24   0.107  -0.801   0.405
   25  -0.386   0.665  -0.302
   26   0.409  -0.275  -0.005
   27   0.200  -0.979  -0.029
   28  -0.468   0.315   0.349
   29  -0.531   0.575  -1.290
   30   0.291  -0.696  -0.567
   31   0.702   0.423  -0.493
   32   0.984   1.097  -0.495
   33   0.633   0.430   0.365
   34   0.147   0.129   0.446
   35   2.140   0.146   0.899
   36  -0.838   0.631   0.376
   37  -0.014  -0.303  -0.202
   38  -1.243   1.095  -0.966
   39  -0.876  -0.099   0.077
   40  -0.781   0.638  -1.251
   41   0.122  -0.701   1.144
   42   0.442   1.589   0.100
   43  -0.004   0.580  -1.971
   44  -1.952  -1.288   0.645
   45  -0.483  -1.669  -0.058
   46  -0.379   1.641  -1.000
   47   0.072   0.540   0.428
   48   0.681  -0.746   2.178
   49   0.930   0.444   0.191
   50   0.137  -1.000   1.359
   51   0.186  -1.073   0.314
   52   0.628  -0.994   0.578
   53   1.335   0.209   0.438
   54  -1.328  -0.070   0.231
   55   0.104  -0.181  -0.616
   56   0.550  -0.939  -0.141
   57   1.002  -1.154  -0.041
   58   0.866  -0.067  -0.030
   59   0.561  -0.053   0.646
   60  -0.359  -0.309  -0.175
   61  -0.428  -0.540   0.049
   62  -0.312  -0.768   0.392
   63  -0.175  -0.681  -0.179
   64  -0.610   0.685  -0.322
   65  -0.206  -0.065  -0.584
   66   0.052  -0.335  -0.717
   67   0.927  -0.479   0.388
   68   0.756   1.457   1.708
   69   0.326   0.313   0.960
   70   0.207   0.342  -1.376
   71   0.073   1.414  -1.401
   72  -0.561  -0.814  -0.621
   73   1.530  -1.016  -1.017
   74   0.353   0.108   0.991
   75   0.841   0.874  -0.720
   76  -0.379  -0.781  -0.552
   77   0.672  -0.825   0.315
   78  -0.208  -0.169  -0.349
   79  -0.551  -1.297   0.622
   80   0.938  -0.517   0.177
   81   0.718  -0.293   0.073
   82   0.669   0.108  -0.148
   83  -0.459   0.002  -0.751
   84  -0.969  -0.486   0.673
   85  -0.441  -0.149   0.324
   86   0.139   0.044   0.110
   87  -0.787  -0.555  -0.055
   88   1.825   0.756   1.108
   89  -1.847   0.563   0.749
   90   0.874   0.952  -0.695
   91  -0.421  -0.647  -0.157
   92  -0.791   0.641   0.870
   93  -0.275   0.596  -0.012
   94  -0.386   0.079  -0.565
   95  -1.569  -0.583  -0.353
   96  -0.174  -0.727   1.721
   97   1.994   1.347  -0.527
   98   1.384  -0.025  -1.100
   99   1.170   0.338   1.113
  100   1.609   1.058   0.762
  101  -0.905  -0.728   0.452
  102   0.133  -1.648  -0.494
  103  -0.065   0.144   0.032
  104  -0.104   0.054  -0.287
  105  -0.952   0.587  -1.294
  106  -0.859   1.001   0.332
  107  -0.572  -0.745  -0.203
  108   0.294   0.713   0.102
  109  -0.468   0.210  -0.156
  110   0.968   0.837   1.234
  111   0.352   0.850   1.637
  112  -0.974   0.254   1.374
  113  -0.220   0.296  -0.545
  114   1.059   0.569   1.091
  115  -0.268  -0.291   1.183
  116  -1.155  -0.424  -0.969
  117  -0.875  -0.664  -0.002
  118   0.760   0.409   0.346
  119   0.111  -0.506  -0.547
  120  -0.238   0.848  -0.429
  121   0.842   0.328   0.266
  122  -1.243  -1.207   0.018
  123   0.222  -0.073   0.509
  124   0.455   0.327  -0.421
  125   0.188  -0.530   0.574
  126  -0.131  -0.134   0.817
  127   0.344   0.594   1.088
  128   0.738  -0.001   0.495
  129   0.028   0.205  -0.731
  130   1.255   0.845   1.242
  131  -0.931   0.528  -2.626
  132  -1.512   0.880  -0.454
  133  -2.103  -0.793  -1.957
  134   0.355   1.020  -0.130
  135   0.580  -0.677  -0.852
  136  -0.381  -0.846  -1.018
  137  -0.559  -0.429  -0.388
  138   1.079  -0.779   0.120
  139   0.355  -0.869  -0.088
  140   0.736   0.291  -0.238
  141   0.712  -0.253   0.007
  142   0.870   0.547   0.911
  143  -0.051  -0.118   0.085
  144   1.349  -0.631  -0.215
  145  -0.378  -0.482  -0.015
  146   0.384  -0.022  -1.213
  147   0.034  -0.333  -0.889
  148  -1.043   0.112  -0.943
  149   0.555   0.680  -0.753
  150  -0.505  -1.117   1.578
  151   0.875  -0.844  -0.210
  152   1.002   0.199   0.261
  153   0.448   0.948   0.093
  154   0.355   0.073  -0.466
  155  -0.841  -0.101  -1.264
  156  -0.687  -0.406   0.974
  157  -0.369   0.098  -0.545
  158  -0.221   0.439   0.024
  159   1.453   0.177  -0.025
  160  -0.155   0.156   0.966
  161   0.198  -1.020  -0.404
           1
         161
