        1000         161        2689
     -50.821     -23.370      55.635
     -50.407     -20.582      58.160
     -50.138     -23.422      60.791
     -48.300     -25.350      58.133
     -46.135     -22.248      58.285
     -43.884     -24.438      60.401
     -42.825     -26.727      57.587
     -40.517     -24.087      56.249
     -40.341     -23.122      59.879
     -37.452     -25.422      60.630
     -35.710     -24.294      57.460
     -34.537     -21.111      59.110
     -33.381     -22.863      62.233
     -31.346     -25.426      60.450
     -28.218     -23.347      59.910
     -27.073     -23.457      63.488
     -26.087     -27.117      63.553
     -23.964     -27.068      60.417
     -21.954     -24.821      62.725
     -20.664     -27.816      64.578
     -20.621     -29.976      61.481
     -17.134     -28.572      60.927
     -16.798     -27.865      64.600
     -14.275     -30.522      64.809
     -14.020     -30.684      61.030
     -10.219     -30.899      60.919
     -10.164     -34.399      62.358
     -13.493     -35.046      60.638
     -11.659     -35.549      57.446
      -8.916     -37.285      59.293
     -11.481     -39.957      59.942
     -12.022     -39.771      56.182
      -9.334     -42.286      55.434
      -8.723     -43.589      58.986
      -8.322     -47.249      58.130
      -5.473     -46.789      55.759
      -3.592     -44.905      58.492
      -3.567     -48.638      59.166
      -1.106     -49.579      56.432
       2.116     -48.157      57.811
       3.624     -50.411      55.162
       0.284     -52.134      54.664
       1.320     -52.356      51.045
       2.725     -48.886      50.977
       6.209     -50.311      50.392
       5.037     -52.271      47.381
       6.054     -49.237      45.304
       9.157     -49.421      47.388
       9.814     -52.929      46.231
      11.042     -51.402      42.992
      12.119     -48.337      45.035
      15.105     -50.580      45.669
      15.078     -48.590      42.381
      16.015     -45.223      43.698
      17.302     -44.377      40.276
      20.016     -45.840      42.384
      22.708     -44.300      40.190
      24.602     -46.293      42.799
      21.603     -48.560      43.117
      23.273     -51.350      45.021
      26.683     -49.686      44.615
      29.070     -52.447      45.455
      31.049     -52.415      42.280
      28.368     -50.122      40.953
      30.885     -49.308      38.246
      31.369     -53.058      38.787
      31.411     -53.904      35.105
      34.924     -53.072      34.034
      36.206     -53.590      37.557
      39.164     -51.615      36.084
      37.302     -49.950      33.275
      39.438     -46.835      32.757
      42.787     -48.462      33.411
      44.203     -45.193      32.219
      41.823     -42.725      33.786
      43.299     -41.720      30.440
      39.873     -42.031      28.857
      38.881     -38.349      28.543
      40.674     -37.858      25.210
      40.000     -41.443      24.318
      37.930     -40.188      21.484
      40.364     -37.302      20.781
      41.298     -39.488      17.847
      37.621     -40.059      17.361
      37.091     -36.729      15.675
      40.623     -37.277      14.404
      39.127     -38.790      11.276
      35.852     -37.464      12.522
      35.905     -35.326       9.447
      38.900     -37.360       8.437
      37.107     -36.892       5.163
      35.700     -33.584       6.536
      38.555     -31.616       5.116
      36.725     -32.204       1.803
      33.595     -30.728       3.341
      34.645     -27.313       2.192
      36.392     -28.387      -0.999
      35.397     -24.823      -1.897
      36.140     -24.114       1.725
      39.107     -22.383       0.119
      36.732     -21.237      -2.680
      36.430     -19.735       0.753
      39.993     -18.547       0.445
      39.416     -16.046       3.162
      36.275     -14.897       1.340
      37.500     -11.645      -0.101
      40.789     -12.918      -1.470
      39.608     -12.950      -5.048
      37.272     -10.036      -4.757
      40.374      -8.029      -3.970
      41.674      -8.300      -7.519
      43.671      -5.257      -6.911
      41.973      -5.758      -3.518
      44.010      -2.614      -2.956
      41.050      -0.210      -3.306
      41.184       1.233       0.173
      38.400       3.684      -0.577
      40.211       5.319      -3.514
      37.216       7.000      -5.116
      37.853      10.335      -3.465
      36.385      12.476      -6.183
      37.483       9.676      -8.583
      33.857      10.352      -9.372
      35.749      13.711      -9.371
      36.835      12.664     -12.901
      33.113      13.633     -13.061
      33.915      17.167     -11.974
      36.517      17.777     -14.592
      33.978      17.670     -17.349
      36.538      18.732     -19.845
      39.320      18.677     -17.176
      40.886      15.833     -19.186
      38.652      17.563     -21.763
      41.815      19.476     -22.630
      41.059      16.920     -25.298
      39.865      19.616     -27.707
      41.475      21.301     -24.569
      43.134      23.615     -27.023
      40.764      26.471     -26.555
      41.029      27.053     -30.275
      44.051      24.853     -30.689
      42.103      22.019     -32.341
      39.688      24.940     -33.004
      39.664      24.176     -36.691
      43.009      22.437     -36.696
      42.392      21.544     -40.301
      39.940      24.350     -40.787
      42.273      25.988     -43.268
      42.495      22.439     -44.513
      41.342      23.661     -47.937
      42.765      26.993     -46.948
      45.381      26.397     -49.553
      43.636      23.177     -50.377
      44.817      23.082     -53.976
      48.434      22.498     -53.001
      48.591      22.478     -56.808
      45.895      19.907     -57.502
      45.030      22.670     -59.968
      45.923      20.842     -63.141
      49.147      22.783     -62.960
      48.283      25.804     -65.037
     -58.866     -23.084      55.730
     -55.356     -23.889      54.629
     -55.182     -20.249      55.769
     -53.496     -21.002      59.112
     -51.309     -23.021      56.812
     -48.431     -22.177      59.096
     -47.477     -25.778      58.674
     -43.894     -24.568      58.593
     -44.441     -21.651      60.905
     -40.817     -20.551      60.630
     -40.223     -23.551      58.432
     -36.470     -22.980      58.014
     -35.772     -21.007      61.106
     -33.505     -23.597      62.599
     -30.730     -22.913      60.102
     -28.980     -20.493      62.487
     -26.966     -22.957      64.514
     -23.965     -20.688      64.273
     -23.524     -23.122      67.119
     -20.690     -24.694      65.217
     -18.715     -21.499      65.812
     -15.269     -22.653      64.696
     -15.493     -26.221      65.808
     -11.779     -26.041      66.136
     -11.853     -29.348      64.313
      -8.925     -30.526      66.316
      -8.026     -32.724      63.326
     -10.718     -31.245      61.176
     -12.211     -34.411      59.726
      -8.943     -35.519      58.537
      -9.561     -38.930      60.010
     -10.895     -40.689      56.882
     -11.706     -43.874      58.799
      -8.610     -45.699      57.497
      -9.701     -48.856      59.254
      -6.662     -50.933      58.661
      -4.662     -49.411      61.498
      -5.398     -52.661      63.335
      -2.036     -53.852      62.208
      -3.828     -55.431      59.284
      -0.304     -56.641      58.382
      -0.237     -54.792      55.154
       3.303     -55.526      53.929
       2.708     -56.386      50.324
       5.869     -54.506      49.428
       5.653     -55.324      45.764
       7.435     -52.305      44.341
       8.746     -54.004      41.248
      10.778     -51.012      40.204
      13.964     -52.999      40.026
      13.770     -53.591      43.784
      15.973     -50.612      44.696
      16.501     -51.742      41.098
      17.232     -48.094      40.786
      20.199     -48.598      38.507
      22.679     -47.492      41.073
      23.002     -43.926      39.671
      24.919     -44.052      42.989
      25.243     -47.679      41.946
      26.398     -48.400      45.412
      29.293     -50.219      43.767
      27.230     -53.323      44.114
      29.622     -54.415      41.432
      30.352     -50.818      40.497
      31.973     -51.298      37.099
      33.051     -54.028      39.521
      35.463     -55.376      37.015
      37.596     -52.355      37.034
      40.480     -54.120      38.758
      41.858     -50.981      37.059
      44.719     -52.860      35.551
      43.590     -50.705      32.641
      47.169     -49.520      33.033
      46.157     -46.015      33.986
      42.877     -45.528      32.143
      43.427     -41.909      31.058
      40.116     -40.706      32.466
      41.024     -37.202      31.330
      42.212     -39.532      28.571
      38.824     -39.641      26.959
      40.359     -38.956      23.674
      39.757     -42.639      23.057
      37.068     -42.158      20.407
      37.425     -38.468      20.533
      37.204     -38.781      16.782
      40.556     -40.388      16.216
      39.082     -42.232      13.259
      36.794     -39.303      12.834
      39.167     -37.631      10.445
      37.219     -39.739       7.982
      39.280     -38.885       4.918
      36.312     -38.685       2.494
      36.598     -34.982       2.655
      34.792     -34.700      -0.676
      33.606     -31.518       1.060
      36.709     -29.516       0.289
      34.402     -29.411      -2.757
      36.445     -26.427      -3.940
      36.967     -25.149      -0.436
      39.239     -23.004      -2.695
      35.719     -21.857      -3.516
      35.527     -21.520       0.238
      38.999     -20.493      -0.816
      39.083     -16.813       0.027
      37.467     -15.742      -3.235
      36.910     -12.286      -1.958
      40.194     -11.532      -3.655
      38.725     -12.271      -7.024
      38.431      -8.549      -7.325
      39.704      -7.709      -3.839
      40.853      -4.275      -4.905
      44.318      -5.441      -4.247
      44.753      -3.531      -0.952
      42.716      -1.128      -2.940
      43.337       1.438      -0.207
      41.820       3.866      -2.683
      39.475       4.188       0.286
      39.899       7.856       1.246
      36.837       8.712      -0.820
      38.946       9.184      -3.908
      35.867       9.603      -6.047
      33.916      12.391      -4.272
      31.318      11.124      -6.752
      30.684      14.798      -7.549
      33.511      15.290     -10.006
      30.465      16.240     -12.064
      30.712      19.743     -10.619
      33.506      20.534     -12.962
      31.780      18.739     -15.753
      35.087      17.311     -16.852
      34.425      18.213     -20.537
      37.151      20.801     -20.355
      38.560      17.306     -21.149
      42.127      18.261     -21.475
      40.581      18.277     -24.956
      43.631      18.880     -27.094
      43.889      22.012     -25.075
      44.854      23.502     -28.339
      42.915      26.345     -26.943
      41.289      26.630     -30.324
      43.918      29.249     -31.093
      41.811      29.833     -34.161
      42.969      26.248     -34.457
      40.002      25.482     -36.630
      42.179      27.055     -39.362
      40.750      24.779     -41.997
      37.213      25.899     -41.514
      37.036      25.082     -45.253
      40.753      24.453     -45.465
      40.777      25.368     -49.137
      43.361      23.123     -50.884
      42.626      25.548     -53.742
      44.928      24.415     -56.543
      42.568      21.845     -57.992
      45.103      21.238     -60.745
      47.292      24.043     -59.416
      48.526      24.204     -62.973
      44.853      24.115     -63.418
      45.331      23.294     -67.057
      49.051      23.815     -66.732
      49.197      22.928     -70.383
     -62.111     -21.160      54.569
     -59.023     -20.227      56.476
     -58.410     -23.452      54.559
     -55.098     -22.087      53.298
     -54.032     -21.122      56.749
     -50.270     -20.961      56.552
     -49.571     -19.568      60.010
     -46.950     -22.114      60.993
     -44.274     -19.748      59.876
     -42.438     -22.958      59.194
     -42.032     -24.012      62.832
     -38.250     -24.100      62.517
     -37.657     -20.644      61.156
     -35.754     -19.496      64.210
     -32.669     -20.643      62.288
     -30.330     -19.468      65.096
     -26.899     -20.313      63.793
     -25.522     -16.827      64.365
     -22.638     -19.265      64.742
     -20.853     -17.661      67.612
     -20.166     -21.236      68.582
     -16.421     -20.805      68.331
     -15.721     -24.245      67.086
     -12.004     -23.366      67.312
     -11.686     -25.205      64.048
     -10.559     -28.397      65.700
     -12.725     -31.145      64.268
      -9.957     -33.110      62.786
     -12.077     -34.375      59.895
     -10.730     -37.795      59.742
     -10.564     -39.155      63.264
      -7.101     -40.340      62.273
      -7.265     -43.404      64.531
      -7.458     -45.695      61.433
      -8.476     -48.640      63.535
      -8.621     -50.173      60.130
      -9.378     -53.811      60.771
      -8.117     -54.517      57.244
      -6.391     -57.476      58.748
      -4.690     -58.228      55.490
      -1.167     -57.425      56.715
       0.775     -59.785      54.526
       4.060     -58.105      54.952
       5.422     -59.473      51.731
       5.778     -56.031      50.227
       8.067     -57.232      47.432
       7.788     -53.654      46.072
       8.648     -54.045      42.404
      12.212     -53.310      43.257
      11.853     -53.073      39.474
      15.273     -54.832      39.127
      15.453     -55.468      42.886
      19.112     -55.531      41.781
      18.951     -51.872      40.921
      21.659     -52.465      38.372
      23.004     -49.043      38.949
      20.108     -47.635      41.019
      23.252     -45.499      41.434
      25.252     -48.650      42.117
      28.453     -46.825      41.725
      30.401     -49.952      42.538
      27.159     -51.869      42.365
      29.005     -54.076      39.986
      31.720     -53.873      42.612
      34.186     -55.357      40.173
      37.020     -53.454      41.915
      38.965     -52.472      38.856
      41.157     -55.452      39.134
      43.482     -54.580      36.203
      45.126     -52.521      38.928
      47.743     -52.377      36.257
      46.225     -49.929      33.771
      49.171     -47.503      33.781
      47.547     -46.312      30.531
      44.545     -48.020      32.061
      42.137     -45.190      31.212
      43.633     -42.647      33.597
      41.393     -39.870      32.324
      43.279     -41.572      29.522
      41.233     -39.464      27.202
      40.731     -42.700      25.509
      37.135     -41.895      26.221
      36.714     -42.900      22.566
      37.380     -39.378      21.537
      37.479     -40.296      17.891
      40.131     -43.018      18.131
      38.473     -44.312      15.026
      38.372     -40.731      13.928
      39.384     -42.091      10.564
      38.124     -38.790       9.209
      39.241     -39.432       5.621
      36.155     -40.955       3.982
      36.135     -37.733       2.118
      35.075     -39.966      -0.710
      33.212     -36.586      -0.842
      35.698     -35.128      -3.225
      33.310     -32.361      -4.316
      36.234     -29.999      -3.699
      34.604     -27.382      -1.463
      38.251     -26.304      -0.712
      36.687     -24.088      -3.415
      38.372     -20.867      -2.107
      39.521     -19.756      -5.505
      37.045     -16.981      -4.667
      38.773     -15.340      -7.599
      38.530     -12.253      -5.454
      40.609      -9.633      -7.277
      37.909      -7.209      -6.446
      40.786      -5.342      -4.904
      39.098      -5.118      -1.527
      40.909      -1.949      -0.630
      43.463      -2.167      -3.335
      45.422      -0.448      -0.525
      42.261       1.498      -0.119
      43.557       3.986      -2.666
      40.025       4.950      -3.605
      39.131       4.364      -0.005
      36.484       7.008      -0.759
      38.841       8.870      -3.029
      36.260      11.638      -3.001
      34.198       9.533      -5.443
      31.015      11.384      -4.362
      32.622      13.961      -6.602
      32.881      15.861      -3.322
      32.998      19.227      -5.001
      29.947      17.755      -6.904
      30.643      19.963      -9.926
      31.665      16.967     -11.961
      29.644      17.859     -14.988
      31.728      20.825     -16.111
      34.825      19.072     -17.633
      33.368      18.757     -21.100
      36.922      18.014     -22.214
      38.713      21.372     -21.733
      40.581      20.163     -24.795
      43.539      21.701     -23.076
      42.498      24.583     -25.207
      42.216      22.688     -28.466
      44.956      24.902     -29.661
      43.507      24.459     -33.071
      44.358      28.004     -34.100
      40.816      28.173     -35.425
      42.588      31.553     -36.246
      44.630      30.780     -39.363
      41.542      30.846     -41.598
      42.157      27.843     -43.792
      39.927      28.829     -46.613
      39.447      25.122     -47.431
      42.284      25.145     -49.895
      39.642      26.587     -52.179
      39.070      23.336     -54.030
      42.135      24.150     -56.122
      42.033      20.652     -57.767
      41.154      22.024     -61.176
      43.103      25.275     -61.147
      41.707      25.710     -64.641
      45.231      24.980     -65.732
      43.961      25.626     -69.134
      47.275      24.368     -70.494
      48.683      25.284     -67.139
      50.420      22.025     -67.752
     -59.982     -18.455      53.913
     -58.670     -21.941      54.368
     -57.773     -19.854      57.440
     -54.673     -21.719      58.460
     -52.689     -19.842      55.885
     -49.977     -22.249      56.905
     -47.333     -19.749      55.822
     -47.424     -17.865      59.086
     -46.819     -21.105      60.909
     -45.860     -18.922      63.796
     -42.156     -18.971      63.044
     -40.980     -22.297      64.471
     -37.284     -21.965      63.863
     -37.174     -18.421      65.215
     -33.525     -18.001      64.236
     -32.326     -15.787      67.056
     -29.068     -15.577      65.255
     -27.259     -17.529      67.944
     -24.670     -16.757      65.232
     -22.376     -18.745      67.474
     -20.492     -19.480      64.304
     -18.175     -21.695      66.330
     -19.083     -24.941      64.625
     -15.542     -26.362      64.275
     -16.078     -29.461      66.291
     -12.635     -30.339      67.358
     -11.373     -32.642      64.602
     -13.814     -35.432      64.826
     -10.827     -37.639      64.746
      -8.267     -36.153      67.292
      -8.605     -39.706      68.480
      -8.294     -40.442      64.857
     -10.724     -43.353      64.801
      -7.932     -45.207      63.046
      -9.512     -45.021      59.627
      -6.624     -46.690      57.916
      -8.082     -49.933      59.169
      -5.742     -50.814      56.257
      -6.131     -54.176      57.856
      -4.417     -55.292      54.667
      -3.661     -58.800      56.115
      -0.573     -59.237      53.928
       2.257     -57.243      55.382
       3.549     -56.165      51.994
       5.353     -59.477      51.605
       6.495     -58.265      48.203
      10.193     -58.571      48.852
       9.975     -55.688      46.489
      11.728     -58.060      44.170
      13.327     -55.054      42.670
      15.313     -56.957      40.124
      17.133     -58.887      42.906
      19.865     -58.452      40.287
      19.373     -54.750      39.753
      22.343     -55.645      37.561
      24.251     -53.056      39.498
      21.397     -51.712      41.569
      24.226     -49.346      42.482
      26.483     -50.864      39.888
      27.410     -47.517      38.453
      31.032     -48.351      39.352
      30.744     -51.288      41.703
      32.425     -53.825      39.521
      34.944     -51.947      41.561
      37.186     -54.913      40.973
      39.124     -53.949      44.122
      41.663     -52.966      41.532
      41.196     -56.101      39.589
      42.409     -53.954      36.706
      44.907     -53.486      39.513
      47.491     -52.619      36.965
      46.584     -48.930      37.093
      49.026     -47.438      34.665
      47.484     -50.576      33.133
      43.904     -49.323      33.317
      45.624     -46.565      31.348
      43.779     -43.993      33.346
      44.426     -41.440      30.586
      42.959     -44.476      28.860
      41.209     -42.023      26.605
      39.071     -44.761      25.279
      36.484     -42.118      24.637
      36.350     -42.872      20.888
      36.040     -39.395      19.545
      39.720     -40.000      19.135
      38.839     -43.697      19.359
      39.485     -44.565      15.751
      37.513     -41.729      14.374
      36.147     -43.844      11.568
      36.579     -40.359      10.179
      37.832     -41.907       6.977
      35.244     -39.376       5.902
      37.465     -36.796       4.378
      37.016     -38.535       1.102
      38.433     -35.267      -0.220
      35.274     -33.517       1.079
      33.451     -31.751      -1.743
      37.094     -31.029      -2.374
      35.761     -29.995      -5.778
      38.725     -27.783      -4.698
      37.455     -26.480      -8.099
      37.958     -23.020      -6.439
      38.022     -20.640      -9.446
      36.276     -18.112      -7.248
      39.796     -16.737      -6.767
      38.541     -14.362      -4.070
      40.511     -11.212      -4.588
      39.759      -9.689      -1.162
      40.317      -6.219      -2.477
      39.280      -4.826       0.858
      41.227      -1.655       1.344
      42.734      -2.427      -1.978
      44.629       0.821      -1.878
      40.925       1.651      -2.151
      41.891       5.010      -3.533
      39.612       4.970      -6.533
      36.722       5.422      -4.214
      37.369       8.887      -5.465
      37.426       9.378      -1.774
      35.545      12.663      -2.241
      32.466      10.804      -1.279
      31.181      12.934      -4.128
      31.021      15.002      -0.857
      30.923      17.929      -3.262
      32.446      15.816      -5.955
      31.914      19.279      -7.593
      34.077      18.538     -10.585
      32.110      15.864     -12.408
      29.649      17.728     -14.463
      31.734      20.855     -14.263
      34.119      19.581     -16.879
      32.682      21.467     -19.796
      36.387      21.715     -20.731
      35.240      25.130     -21.790
      35.757      23.588     -25.214
      38.407      26.340     -25.888
      38.210      24.138     -29.076
      41.916      24.594     -29.446
      42.188      27.174     -32.169
      41.544      24.513     -34.825
      44.401      26.155     -36.680
      44.231      23.969     -39.756
      41.101      26.216     -40.010
      43.755      28.709     -40.617
      42.142      28.451     -43.938
      45.696      28.471     -45.293
      45.316      30.884     -48.152
      41.812      29.399     -48.256
      42.008      29.718     -51.970
      41.770      26.069     -52.892
      41.649      26.862     -56.562
      39.456      23.928     -57.448
      39.740      25.824     -60.707
      37.604      23.837     -63.066
      39.094      26.362     -65.404
      39.449      24.058     -68.364
      43.188      23.868     -67.895
      44.286      27.341     -68.603
      47.753      26.765     -67.091
      46.891      23.119     -67.634
      49.292      22.101     -64.922
     -55.955     -21.265      56.351
     -57.272     -17.977      57.547
     -53.999     -16.850      55.912
     -51.751     -17.713      58.850
     -51.013     -21.413      58.386
     -48.610     -21.224      61.319
     -45.935     -22.241      58.865
     -46.246     -18.883      57.230
     -46.415     -16.716      60.342
     -43.033     -15.039      60.257
     -42.762     -17.786      62.803
     -41.744     -14.874      64.919
     -38.970     -17.351      65.486
     -37.951     -16.228      68.975
     -34.753     -14.512      67.821
     -33.288     -18.001      67.801
     -30.579     -17.391      65.352
     -28.234     -19.392      67.578
     -26.444     -19.603      64.201
     -25.414     -23.041      65.342
     -23.207     -23.842      62.420
     -22.028     -27.120      63.933
     -19.080     -26.924      61.668
     -16.586     -27.318      64.485
     -17.525     -30.798      65.242
     -17.524     -29.948      68.887
     -14.379     -32.047      69.307
     -16.570     -34.934      70.350
     -12.971     -35.913      70.394
     -13.493     -38.260      67.480
     -10.318     -37.126      65.824
     -10.729     -40.344      64.100
      -7.842     -42.431      65.414
      -8.594     -44.875      62.582
      -6.237     -42.188      61.323
      -4.079     -44.590      59.377
      -6.874     -47.016      60.025
      -5.933     -47.870      56.388
      -4.887     -51.262      57.655
      -2.707     -51.081      54.558
      -4.980     -54.010      53.425
      -1.653     -54.895      51.783
      -0.451     -57.724      54.006
       3.176     -56.528      53.568
       3.510     -58.679      50.462
       7.316     -58.337      50.285
       7.934     -61.933      49.376
      11.537     -61.143      50.089
      12.513     -63.215      47.152
      14.806     -60.402      46.294
      14.757     -61.111      42.614
      18.554     -61.092      42.423
      18.068     -58.255      39.958
      21.317     -56.615      41.053
      23.672     -59.201      39.536
      25.121     -56.054      38.193
      25.166     -55.462      41.926
      24.824     -52.078      40.168
      28.123     -50.632      41.173
      27.832     -48.746      37.926
      30.025     -51.297      36.083
      33.120     -50.339      38.028
      33.643     -53.663      39.735
      36.957     -52.243      40.865
      37.787     -54.576      43.671
      39.893     -51.477      44.413
      43.180     -53.398      44.372
      41.474     -56.187      42.575
      44.139     -56.815      39.933
      45.594     -54.041      42.071
      48.139     -53.040      39.592
      45.492     -50.985      37.840
      47.826     -49.052      35.622
      47.461     -52.002      33.289
      44.036     -50.590      32.544
      45.772     -49.078      29.485
      45.118     -45.531      30.582
      45.237     -44.249      27.025
      41.910     -45.989      27.617
      40.295     -44.176      24.712
      36.990     -45.696      25.656
      35.525     -42.486      24.185
      36.614     -42.684      20.520
      36.573     -38.982      19.838
      39.342     -39.568      17.395
      40.240     -43.118      18.432
      39.186     -44.855      15.270
      37.259     -41.828      14.274
      38.007     -41.986      10.567
      34.401     -41.177       9.858
      36.589     -40.153       6.942
      36.156     -36.654       8.346
      37.437     -34.942       5.257
      34.638     -34.890       2.582
      35.427     -31.167       2.342
      36.388     -30.940      -1.353
      39.555     -32.984      -1.627
      40.831     -29.662      -3.010
      39.830     -30.247      -6.625
      41.797     -27.013      -6.162
      39.738     -25.948      -9.117
      37.774     -25.444      -5.972
      36.375     -21.978      -6.647
      36.915     -20.883      -3.089
      36.929     -17.225      -4.122
      37.065     -15.948      -0.552
      40.651     -14.963      -0.671
      39.453     -13.022       2.322
      42.235     -10.635       1.466
      40.335      -8.635      -1.077
      41.931      -5.281      -0.631
      39.903      -4.600      -3.746
      40.367      -0.865      -3.385
      39.383      -0.747      -7.075
      37.239       2.288      -6.324
      40.343       4.369      -5.869
      38.592       7.648      -6.380
      37.719       7.339      -2.720
      34.484       9.212      -2.689
      35.295      11.239       0.431
      32.058      13.076       0.312
      31.192      12.713      -3.387
      29.896      16.217      -2.719
      31.557      16.547      -6.179
      28.713      18.394      -7.787
      31.089      21.315      -8.130
      33.930      19.117      -9.131
      31.529      18.016     -11.913
      31.600      21.267     -13.800
      35.010      20.305     -15.106
      33.660      20.150     -18.665
      35.732      23.187     -19.708
      33.885      22.304     -22.937
      33.608      26.024     -22.949
      33.472      25.177     -26.631
      34.755      28.547     -27.529
      34.471      26.880     -31.001
      37.813      27.880     -32.418
      37.266      26.699     -35.976
      38.891      23.328     -35.640
      39.543      23.104     -39.321
      43.324      23.806     -39.354
      43.416      23.267     -43.029
      43.815      26.924     -43.635
      45.024      25.513     -46.855
      46.988      28.628     -46.954
      46.169      29.781     -50.374
      43.354      27.348     -50.460
      42.184      30.283     -52.456
      41.009      28.764     -55.707
      40.392      32.043     -57.539
      40.068      30.676     -61.082
      38.735      27.353     -59.903
      40.885      25.609     -62.384
      38.551      27.169     -64.868
      38.357      23.814     -66.518
      41.489      23.961     -68.712
      42.577      27.416     -67.906
      45.969      26.703     -66.212
      46.244      23.055     -67.155
      46.493      21.942     -63.553
     -55.955     -21.265      56.351
     -57.272     -17.977      57.547
     -53.999     -16.850      55.912
     -51.751     -17.713      58.850
     -51.013     -21.413      58.386
     -48.610     -21.224      61.319
     -45.935     -22.241      58.865
     -46.246     -18.883      57.230
     -46.415     -16.716      60.342
     -43.033     -15.039      60.257
     -42.762     -17.786      62.803
     -41.744     -14.874      64.919
     -38.970     -17.351      65.486
     -37.951     -16.228      68.975
     -34.753     -14.512      67.821
     -33.288     -18.001      67.801
     -30.579     -17.391      65.352
     -28.234     -19.392      67.578
     -26.444     -19.603      64.201
     -25.414     -23.041      65.342
     -23.207     -23.842      62.420
     -22.028     -27.120      63.933
     -19.080     -26.924      61.668
     -16.586     -27.318      64.485
     -17.525     -30.798      65.242
     -17.524     -29.948      68.887
     -14.379     -32.047      69.307
     -16.570     -34.934      70.350
     -12.971     -35.913      70.394
     -13.493     -38.260      67.480
     -10.318     -37.126      65.824
     -10.729     -40.344      64.100
      -7.842     -42.431      65.414
      -8.594     -44.875      62.582
      -6.237     -42.188      61.323
      -4.079     -44.590      59.377
      -6.874     -47.016      60.025
      -5.933     -47.870      56.388
      -4.887     -51.262      57.655
      -2.707     -51.081      54.558
      -4.980     -54.010      53.425
      -1.653     -54.895      51.783
      -0.451     -57.724      54.006
       3.176     -56.528      53.568
       3.510     -58.679      50.462
       7.316     -58.337      50.285
       7.934     -61.933      49.376
      11.537     -61.143      50.089
      12.513     -63.215      47.152
      14.806     -60.402      46.294
      14.757     -61.111      42.614
      18.554     -61.092      42.423
      18.068     -58.255      39.958
      21.317     -56.615      41.053
      23.672     -59.201      39.536
      25.121     -56.054      38.193
      25.166     -55.462      41.926
      24.824     -52.078      40.168
      28.123     -50.632      41.173
      27.832     -48.746      37.926
      30.025     -51.297      36.083
      33.120     -50.339      38.028
      33.643     -53.663      39.735
      36.957     -52.243      40.865
      37.787     -54.576      43.671
      39.893     -51.477      44.413
      43.180     -53.398      44.372
      41.474     -56.187      42.575
      44.139     -56.815      39.933
      45.594     -54.041      42.071
      48.139     -53.040      39.592
      45.492     -50.985      37.840
      47.826     -49.052      35.622
      47.461     -52.002      33.289
      44.036     -50.590      32.544
      45.772     -49.078      29.485
      45.118     -45.531      30.582
      45.237     -44.249      27.025
      41.910     -45.989      27.617
      40.295     -44.176      24.712
      36.990     -45.696      25.656
      35.525     -42.486      24.185
      36.614     -42.684      20.520
      36.573     -38.982      19.838
      39.342     -39.568      17.395
      40.240     -43.118      18.432
      39.186     -44.855      15.270
      37.259     -41.828      14.274
      38.007     -41.986      10.567
      34.401     -41.177       9.858
      36.589     -40.153       6.942
      36.156     -36.654       8.346
      37.437     -34.942       5.257
      34.638     -34.890       2.582
      35.427     -31.167       2.342
      36.388     -30.940      -1.353
      39.555     -32.984      -1.627
      40.831     -29.662      -3.010
      39.830     -30.247      -6.625
      41.797     -27.013      -6.162
      39.738     -25.948      -9.117
      37.774     -25.444      -5.972
      36.375     -21.978      -6.647
      36.915     -20.883      -3.089
      36.929     -17.225      -4.122
      37.065     -15.948      -0.552
      40.651     -14.963      -0.671
      39.453     -13.022       2.322
      42.235     -10.635       1.466
      40.335      -8.635      -1.077
      41.931      -5.281      -0.631
      39.903      -4.600      -3.746
      40.367      -0.865      -3.385
      39.383      -0.747      -7.075
      37.239       2.288      -6.324
      40.343       4.369      -5.869
      38.592       7.648      -6.380
      37.719       7.339      -2.720
      34.484       9.212      -2.689
      35.295      11.239       0.431
      32.058      13.076       0.312
      31.192      12.713      -3.387
      29.896      16.217      -2.719
      31.557      16.547      -6.179
      28.713      18.394      -7.787
      31.089      21.315      -8.130
      33.930      19.117      -9.131
      31.529      18.016     -11.913
      31.600      21.267     -13.800
      35.010      20.305     -15.106
      33.660      20.150     -18.665
      35.732      23.187     -19.708
      33.885      22.304     -22.937
      33.608      26.024     -22.949
      33.472      25.177     -26.631
      34.755      28.547     -27.529
      34.471      26.880     -31.001
      37.813      27.880     -32.418
      37.266      26.699     -35.976
      38.891      23.328     -35.640
      39.543      23.104     -39.321
      43.324      23.806     -39.354
      43.416      23.267     -43.029
      43.815      26.924     -43.635
      45.024      25.513     -46.855
      46.988      28.628     -46.954
      46.169      29.781     -50.374
      43.354      27.348     -50.460
      42.184      30.283     -52.456
      41.009      28.764     -55.707
      40.392      32.043     -57.539
      40.068      30.676     -61.082
      38.735      27.353     -59.903
      40.885      25.609     -62.384
      38.551      27.169     -64.868
      38.357      23.814     -66.518
      41.489      23.961     -68.712
      42.577      27.416     -67.906
      45.969      26.703     -66.212
      46.244      23.055     -67.155
      46.493      21.942     -63.553
