        1000         161        2689
     -65.139     -21.926      61.240
     -64.342     -19.251      63.724
     -60.833     -19.361      62.082
     -59.799     -15.697      62.284
     -59.706     -15.841      58.400
     -57.482     -12.868      57.649
     -54.785     -15.332      56.642
     -53.532     -16.456      59.960
     -50.560     -14.219      59.873
     -48.897     -17.048      58.055
     -45.666     -15.245      57.360
     -43.760     -16.727      60.197
     -40.306     -16.503      58.700
     -39.403     -19.934      60.003
     -35.606     -19.838      59.985
     -35.163     -21.374      56.578
     -31.423     -21.023      57.156
     -30.973     -24.379      55.466
     -28.942     -24.525      58.652
     -28.780     -28.107      57.896
     -27.280     -28.926      61.221
     -26.026     -31.714      58.869
     -22.399     -31.134      59.849
     -21.139     -33.706      57.329
     -18.489     -34.424      59.918
     -15.848     -36.186      57.872
     -13.226     -33.973      59.337
     -11.605     -36.905      61.084
     -10.280     -37.760      57.665
      -8.354     -40.181      59.788
      -8.941     -42.556      56.957
      -6.275     -44.394      58.881
      -6.696     -47.534      56.934
      -3.533     -48.854      58.603
      -5.554     -50.582      61.261
      -5.046     -54.049      59.822
      -3.192     -52.478      56.972
      -2.116     -56.085      56.942
      -1.462     -55.861      53.249
      -0.272     -59.400      53.753
       1.089     -59.588      50.243
       3.166     -56.722      51.632
       4.705     -59.173      54.089
       6.864     -60.196      51.180
       9.399     -57.414      51.769
       8.393     -55.871      48.491
      11.358     -53.502      48.712
      13.667     -53.586      45.618
      11.337     -51.920      43.185
      13.256     -53.250      40.176
      14.589     -49.936      39.015
      17.721     -50.909      40.798
      18.271     -47.580      39.104
      18.695     -45.710      42.294
      19.762     -48.974      43.806
      22.546     -47.453      45.887
      24.738     -46.287      43.075
      26.657     -49.214      44.588
      26.057     -51.169      41.412
      27.582     -48.240      39.679
      28.911     -50.322      36.727
      28.307     -53.458      38.737
      30.055     -54.673      35.586
      33.015     -55.417      37.723
      33.702     -58.839      36.313
      32.629     -59.239      39.967
      35.563     -61.558      40.327
      37.296     -59.014      38.000
      40.658     -59.635      39.596
      39.736     -56.243      41.068
      42.727     -55.675      38.711
      42.086     -52.098      39.724
      43.783     -51.195      36.416
      40.794     -49.169      35.297
      39.392     -52.359      33.799
      42.313     -51.197      31.573
      41.057     -47.661      31.048
      44.507     -46.156      30.390
      42.964     -43.979      33.040
      40.271     -42.193      31.114
      42.809     -41.494      28.389
      40.135     -39.474      26.602
      39.720     -42.874      25.059
      37.800     -41.837      21.982
      36.745     -38.873      24.047
      38.224     -36.546      21.486
      35.461     -34.027      20.972
      35.095     -35.703      17.548
      37.310     -32.864      16.307
      39.221     -35.511      14.599
      40.823     -32.443      13.084
      39.335     -30.202      15.687
      39.249     -27.289      13.190
      39.969     -29.418      10.143
      38.605     -26.342       8.155
      39.182     -27.560       4.698
      38.069     -24.083       3.826
      39.054     -25.694       0.551
      41.597     -22.940       0.382
      38.876     -21.271      -1.699
      41.230     -22.421      -4.500
      39.065     -19.518      -5.482
      42.193     -17.984      -6.829
      43.456     -18.266      -3.321
      43.361     -14.488      -2.978
      46.222     -15.517      -0.767
      44.392     -15.017       2.500
      47.788     -14.094       3.751
      47.548     -11.831       0.705
      44.619      -9.899       1.967
      44.285      -8.871      -1.662
      46.694      -6.023      -2.371
      44.644      -4.203       0.190
      43.710      -2.957      -3.303
      47.037      -2.681      -5.023
      46.965       0.972      -3.830
      43.256       1.635      -4.252
      43.518       5.406      -3.952
      40.572       6.036      -6.285
      37.965       5.147      -3.780
      37.241       8.616      -2.685
      34.814       8.991      -5.547
      36.779      12.311      -5.615
      33.105      13.384      -5.584
      34.388      16.918      -5.455
      31.132      17.321      -7.411
      32.630      19.672      -9.940
      29.743      18.916     -12.282
      32.411      20.121     -14.663
      29.298      21.950     -15.533
      31.868      24.339     -16.872
      31.161      24.099     -20.595
      34.792      25.380     -20.861
      35.302      22.864     -23.756
      33.749      25.993     -25.251
      32.499      23.816     -28.035
      36.212      23.701     -27.535
      37.276      22.457     -30.898
      40.134      20.679     -29.278
      42.757      23.413     -29.016
      42.109      25.527     -32.078
      40.918      28.064     -29.526
      38.116      28.132     -32.098
      40.700      27.429     -34.772
      38.773      30.144     -36.654
      37.125      27.450     -38.579
      38.662      28.381     -41.874
      36.081      26.350     -43.627
      38.028      23.408     -44.998
      39.265      25.036     -48.233
      35.741      24.461     -49.567
      35.322      28.042     -50.550
      37.946      27.217     -53.143
      37.390      30.513     -54.943
      41.051      30.927     -55.785
      41.492      27.384     -54.739
      45.239      27.641     -55.008
      45.465      29.097     -58.564
      49.071      29.804     -57.566
      49.436      31.638     -60.808
      50.676      28.789     -62.825
