        1000         161        2689
     -50.772     -25.716      59.095
     -51.414     -22.728      61.399
     -49.042     -24.632      63.639
     -48.111     -26.744      60.648
     -44.630     -25.363      60.601
     -43.557     -27.487      63.480
     -40.931     -29.118      61.271
     -42.030     -26.691      58.679
     -39.068     -24.349      58.913
     -36.683     -27.293      59.138
     -34.458     -26.287      56.267
     -35.585     -22.756      56.140
     -32.334     -21.649      57.850
     -30.239     -24.273      56.124
     -27.045     -22.582      57.405
     -28.548     -21.886      60.783
     -27.447     -25.151      62.285
     -24.546     -26.297      60.104
     -22.055     -24.045      61.856
     -20.617     -26.860      64.021
     -22.033     -29.486      61.649
     -19.040     -28.329      59.605
     -16.713     -28.270      62.585
     -17.380     -31.941      63.342
     -16.795     -32.401      59.644
     -13.011     -32.304      60.199
     -12.919     -35.648      61.929
     -15.823     -36.562      59.708
     -13.309     -37.650      57.098
     -10.574     -38.223      59.605
     -12.787     -41.242      60.325
     -11.227     -43.019      57.361
      -7.568     -42.867      58.240
      -7.510     -44.409      61.653
      -4.038     -45.479      60.617
      -4.284     -43.439      57.398
      -0.747     -42.064      57.702
      -0.112     -45.824      57.504
      -2.168     -46.012      54.366
       1.051     -47.131      52.652
       1.133     -49.840      55.318
       3.443     -51.335      52.810
       0.734     -50.480      50.359
       2.897     -50.403      47.296
       5.821     -51.714      49.224
       7.450     -52.967      46.110
       6.477     -50.004      43.900
       9.841     -48.320      44.365
      11.631     -51.542      45.268
      14.282     -48.932      46.078
      12.214     -45.854      45.244
      14.663     -43.480      46.877
      16.531     -46.460      45.498
      16.046     -45.423      41.940
      17.646     -42.066      42.128
      20.432     -44.094      43.677
      21.891     -43.875      40.149
      24.132     -46.763      41.311
      22.890     -46.832      44.920
      23.296     -50.394      46.190
      25.138     -51.931      43.330
      28.429     -52.222      45.267
      31.342     -52.148      42.882
      29.712     -50.445      39.920
      32.480     -47.797      40.103
      34.756     -50.777      39.545
      33.110     -50.358      36.224
      33.420     -46.632      36.732
      36.305     -46.202      34.441
      34.700     -49.006      32.494
      36.562     -47.718      29.465
      39.695     -46.909      31.510
      41.953     -48.809      29.081
      44.314     -45.962      29.866
      42.398     -46.071      33.132
      44.044     -42.707      32.749
      42.936     -42.431      29.173
      41.396     -39.092      30.121
      43.311     -37.383      27.300
      41.590     -39.033      24.362
      38.871     -36.661      23.498
      39.925     -36.417      19.835
      43.348     -37.402      21.072
      43.618     -39.207      17.782
      39.942     -38.721      17.017
      40.794     -37.495      13.588
      38.213     -40.068      12.582
      36.078     -37.654      10.680
      38.090     -34.885      12.261
      39.251     -33.867       8.787
      37.424     -36.606       6.991
      34.847     -34.101       5.761
      37.795     -31.837       5.060
      35.651     -29.832       2.714
      33.494     -29.366       5.785
      33.883     -25.639       6.565
      35.267     -24.862       3.164
      31.528     -25.237       2.543
      31.353     -21.467       3.194
      34.444     -21.224       0.940
      31.731     -20.252      -1.616
      32.254     -17.044       0.324
      35.990     -16.938       0.750
      36.307     -17.275      -2.990
      35.678     -13.532      -3.108
      37.360     -12.366       0.004
      40.792     -13.696      -0.886
      41.345     -12.222      -4.326
      40.476      -8.662      -3.388
      44.207      -8.738      -2.481
      44.677      -9.255      -6.173
      42.482      -6.219      -6.408
      45.679      -4.212      -5.990
      43.394      -1.528      -4.458
      40.696      -2.609      -6.913
      40.928       0.422      -9.169
      41.927       3.083      -6.747
      40.542       5.651      -9.105
      37.997       7.141      -6.790
      40.263       8.549      -4.159
      37.457      10.524      -2.662
      35.505       9.889      -5.855
      33.936      12.990      -4.175
      36.660      14.392      -6.449
      34.196      15.375      -9.142
      35.730      18.519      -7.699
      36.557      19.659     -11.194
      33.216      18.284     -12.358
      34.068      18.989     -15.974
      37.662      18.810     -14.879
      38.993      16.421     -17.538
      36.211      17.521     -19.858
      38.451      20.621     -19.997
      40.197      19.580     -23.212
      37.814      22.356     -24.295
      37.143      23.157     -20.634
      39.058      26.409     -21.249
      40.004      25.391     -24.800
      37.818      27.748     -26.719
      38.943      26.797     -30.179
      41.838      24.642     -29.044
      40.387      21.794     -31.097
      38.718      24.633     -33.012
      39.254      23.403     -36.570
      41.580      20.926     -34.983
      42.317      19.480     -38.394
      42.325      22.660     -40.433
      46.090      22.626     -40.400
      45.985      25.652     -42.643
      42.377      25.183     -43.551
      42.418      25.515     -47.373
      46.113      26.089     -47.425
      47.349      22.692     -48.454
      46.028      22.642     -51.976
      47.727      25.917     -52.787
      50.598      23.578     -53.406
      48.289      21.374     -55.400
      48.779      23.552     -58.420
      51.166      21.138     -60.116
      48.147      19.597     -61.707
      47.359      22.815     -63.517
     -57.996     -25.640      64.390
     -56.907     -27.651      61.324
     -54.273     -25.021      61.969
     -51.999     -26.777      64.428
     -50.226     -28.528      61.631
     -46.979     -26.898      62.559
     -46.305     -26.626      58.898
     -42.700     -27.264      59.804
     -41.508     -25.946      56.426
     -38.101     -27.532      56.943
     -36.531     -24.939      54.677
     -37.546     -21.935      56.710
     -35.664     -22.969      59.825
     -33.027     -24.690      57.826
     -30.025     -22.451      58.129
     -31.107     -19.497      60.242
     -27.631     -18.218      60.175
     -25.842     -21.097      61.816
     -23.358     -18.406      62.715
     -21.224     -20.917      60.850
     -22.515     -23.673      63.055
     -19.598     -25.425      61.521
     -19.633     -27.622      64.568
     -15.916     -27.581      64.720
     -16.741     -31.276      64.837
     -13.574     -31.666      62.902
     -14.357     -35.360      62.756
     -14.731     -34.576      59.104
     -14.847     -38.311      58.403
     -12.065     -39.234      60.817
     -13.741     -42.396      62.049
     -11.259     -43.914      59.612
      -8.486     -44.745      61.988
      -6.309     -45.713      59.058
      -3.211     -45.350      61.228
      -1.199     -48.437      60.293
       1.818     -46.315      59.378
       3.525     -49.666      58.838
       1.777     -49.806      55.484
       4.723     -48.832      53.376
       2.940     -51.348      51.268
       5.515     -51.261      48.433
       4.873     -54.976      48.655
       5.399     -55.591      44.894
       8.290     -57.524      46.392
      10.344     -54.378      46.093
       9.212     -52.948      42.818
       9.220     -49.693      44.744
      11.888     -49.951      47.388
      13.172     -46.408      47.332
      10.327     -45.520      45.020
      12.748     -43.141      43.245
      15.022     -45.644      44.982
      16.366     -47.254      41.900
      17.964     -43.857      41.765
      21.475     -44.382      43.143
      22.372     -44.064      39.463
      23.870     -47.468      40.200
      23.506     -47.186      43.888
      24.895     -50.695      43.813
      27.717     -49.543      46.060
      30.392     -51.806      44.662
      33.431     -49.674      45.496
      32.353     -47.279      42.846
      35.850     -47.176      41.377
      34.444     -50.340      39.816
      35.002     -49.866      36.150
      36.618     -46.521      36.621
      39.982     -48.151      35.960
      37.504     -49.624      33.462
      38.983     -47.759      30.548
      42.323     -47.307      32.215
      44.163     -47.820      28.908
      47.183     -45.739      29.722
      46.315     -46.420      33.343
      46.966     -42.685      33.325
      44.041     -41.879      31.138
      45.667     -38.552      30.328
      43.904     -39.531      27.097
      42.290     -36.178      27.802
      41.379     -35.926      24.208
      43.013     -39.307      23.871
      45.281     -37.496      21.560
      42.329     -36.296      19.526
      41.382     -39.814      18.609
      41.512     -39.190      14.891
      37.930     -38.011      14.806
      37.744     -39.494      11.373
      41.177     -38.014      10.582
      39.827     -34.719       9.275
      37.200     -36.308       7.115
      34.128     -34.448       8.365
      36.302     -32.264       6.174
      33.551     -31.859       3.636
      33.963     -28.733       5.760
      30.873     -26.780       5.033
      32.283     -23.768       3.257
      28.476     -23.559       3.345
      28.225     -24.320      -0.347
      31.618     -22.874       0.733
      30.724     -20.793      -2.368
      31.291     -17.669      -0.301
      34.690     -17.314      -1.858
      33.104     -15.213      -4.571
      36.600     -14.479      -5.877
      36.897     -12.291      -2.878
      40.316     -13.542      -3.606
      40.213     -11.552      -6.841
      42.078      -8.824      -4.966
      45.108     -10.941      -5.606
      46.035      -8.426      -8.244
      43.547      -5.851      -7.296
      46.164      -3.262      -8.169
      43.462      -1.213      -6.549
      42.604       0.474      -9.763
      42.793       3.717      -7.925
      39.704       4.075      -5.819
      41.928       6.407      -3.816
      39.117       8.697      -2.742
      38.732      10.140      -6.184
      37.788      13.473      -4.691
      34.216      12.164      -4.904
      34.184      15.483      -2.961
      32.362      16.285      -6.217
      30.627      19.280      -4.630
      34.269      20.360      -4.987
      34.618      21.302      -8.631
      30.907      21.608      -9.075
      31.598      19.022     -11.691
      35.241      19.858     -12.017
      36.085      18.347     -15.403
      32.361      18.809     -15.954
      33.465      22.353     -16.756
      35.262      21.422     -19.941
      35.513      25.172     -19.700
      39.166      24.829     -18.825
      37.483      28.140     -19.630
      39.752      28.912     -22.582
      37.182      30.710     -24.731
      36.446      27.194     -25.752
      37.157      28.400     -29.222
      39.642      25.595     -28.646
      37.998      25.317     -32.069
      39.208      21.740     -32.523
      42.420      22.622     -34.263
      42.489      20.143     -37.061
      41.183      22.878     -39.293
      44.181      23.027     -41.564
      43.636      26.288     -43.366
      41.797      25.163     -46.411
      44.636      23.061     -47.768
      45.425      25.716     -50.293
      49.054      25.570     -49.268
      50.205      22.871     -51.603
      48.054      24.827     -54.046
      51.006      25.109     -56.356
      48.741      23.767     -59.083
      51.732      23.563     -61.339
      50.507      20.134     -62.448
      47.633      21.635     -64.336
      49.753      22.568     -67.301
     -59.411     -28.647      61.792
     -58.179     -28.297      65.417
     -55.055     -29.679      63.858
     -53.845     -26.199      63.108
     -53.212     -27.443      59.593
     -51.371     -24.280      58.788
     -48.180     -25.590      60.373
     -46.609     -24.275      57.161
     -43.233     -25.842      57.370
     -43.462     -26.217      61.182
     -39.656     -26.283      60.886
     -39.594     -22.451      60.645
     -35.840     -22.714      60.316
     -36.235     -22.077      56.595
     -32.593     -23.003      56.485
     -32.590     -21.573      59.964
     -29.151     -20.272      59.060
     -28.732     -18.132      62.136
     -25.499     -17.716      60.320
     -24.796     -21.090      61.976
     -21.100     -20.880      62.918
     -20.031     -24.016      61.149
     -20.086     -25.497      64.598
     -16.439     -25.804      64.011
     -17.328     -29.079      65.727
     -17.862     -31.054      62.559
     -15.696     -33.813      63.997
     -15.297     -35.976      60.954
     -15.225     -39.247      62.896
     -12.114     -39.031      65.085
     -10.688     -42.200      63.635
      -7.733     -40.250      62.354
      -5.104     -42.887      62.917
      -5.609     -45.511      60.187
      -2.014     -46.404      60.988
      -1.842     -49.613      59.108
       1.898     -49.197      59.212
       1.025     -52.777      58.194
       2.004     -52.039      54.658
       3.318     -55.486      53.910
       3.358     -54.748      50.192
       5.949     -51.937      49.879
       8.359     -54.527      48.505
       6.804     -54.794      44.965
      10.129     -55.496      43.335
      12.134     -55.439      46.485
      15.604     -54.983      45.062
      14.510     -51.805      43.398
      12.849     -50.635      46.580
      11.355     -47.767      44.669
      13.981     -48.538      42.106
      13.703     -44.788      41.440
      14.036     -44.376      45.226
      17.263     -46.274      45.240
      18.103     -44.645      41.937
      21.783     -44.173      42.522
      21.906     -46.545      39.612
      25.410     -46.915      41.010
      25.102     -50.616      40.861
      27.120     -50.869      44.028
      27.183     -47.080      43.653
      30.148     -46.982      45.935
      31.117     -44.644      43.117
      32.606     -47.615      41.434
      36.048     -46.600      42.589
      36.594     -50.243      41.716
      36.621     -49.348      38.064
      40.249     -49.263      39.118
      41.121     -52.509      37.288
      39.882     -50.646      34.191
      42.707     -48.105      33.982
      44.199     -49.376      30.792
      46.078     -46.157      30.247
      48.550     -46.524      33.068
      48.540     -42.772      33.686
      47.763     -43.143      29.934
      46.157     -39.850      30.694
      49.664     -38.442      30.560
      49.742     -38.093      26.793
      46.604     -36.015      27.227
      44.440     -38.488      25.424
      45.903     -37.795      22.035
      43.524     -40.269      20.387
      40.740     -38.589      22.302
      39.161     -37.643      18.982
      42.069     -35.379      18.170
      40.741     -35.664      14.626
      41.040     -39.307      13.706
      38.126     -38.971      11.356
      39.146     -35.391      10.612
      37.172     -34.396       7.583
      34.368     -34.002      10.098
      31.728     -33.514       7.462
      31.269     -30.046       8.904
      33.081     -28.950       5.754
      30.094     -26.754       5.321
      30.699     -23.911       2.879
      29.868     -27.252       1.164
      31.897     -25.508      -1.521
      30.579     -22.600       0.624
      29.606     -21.451      -2.879
      32.028     -19.123      -1.117
      34.562     -19.462      -3.832
      33.694     -16.005      -5.176
      35.496     -16.586      -8.473
      38.439     -16.482      -6.064
      38.589     -12.761      -5.472
      40.953     -12.836      -8.453
      38.918      -9.835      -9.633
      39.942      -7.222      -7.133
      41.933      -5.668      -9.943
      43.824      -3.464      -7.580
      43.431      -0.332      -9.606
      46.221       0.533      -7.218
      43.683       3.277      -7.445
      43.839       4.661      -3.878
      42.417       7.727      -5.598
      41.801       8.475      -1.984
      38.038       8.161      -2.396
      37.668       9.281      -5.967
      36.496      12.753      -4.984
      33.437      11.697      -3.094
      32.387      14.911      -4.864
      30.789      15.902      -1.524
      33.256      18.635      -0.587
      33.681      18.913      -4.420
      31.912      22.142      -3.803
      28.766      20.402      -4.948
      29.404      20.569      -8.678
      31.576      23.673      -8.835
      33.408      21.852     -11.595
      30.257      20.498     -13.262
      29.587      24.173     -14.067
      33.146      24.271     -15.322
      32.800      27.527     -17.267
      36.352      28.499     -16.541
      36.484      26.862     -19.965
      38.320      30.095     -20.732
      38.639      28.368     -24.040
      36.191      30.697     -25.684
      35.776      28.387     -28.637
      39.295      26.880     -28.225
      38.267      23.882     -30.302
      41.753      24.482     -31.599
      39.990      26.777     -34.083
      41.115      24.253     -36.634
      40.167      26.434     -39.549
      40.405      23.372     -41.739
      42.852      25.471     -43.726
      44.739      22.675     -45.250
      46.366      25.271     -47.460
      47.990      22.729     -49.648
      47.778      25.138     -52.580
      51.456      24.759     -53.432
      49.743      23.803     -56.693
      51.412      26.689     -58.418
      50.444      25.580     -61.901
      50.890      21.915     -61.194
      49.388      21.168     -64.600
      50.854      24.437     -65.798
      51.277      22.795     -69.176
     -55.210     -33.009      63.700
     -55.166     -30.181      61.118
     -54.856     -28.004      64.139
     -55.593     -24.675      62.520
     -55.535     -26.370      59.177
     -52.798     -24.143      57.906
     -50.604     -26.992      59.127
     -47.426     -25.043      58.234
     -45.935     -26.586      61.304
     -47.322     -23.282      62.538
     -43.938     -22.415      64.107
     -42.821     -20.584      60.940
     -41.129     -23.502      59.187
     -38.247     -24.409      61.407
     -36.948     -20.881      61.217
     -33.708     -22.797      61.226
     -32.627     -20.965      58.047
     -30.612     -18.186      59.664
     -27.958     -20.949      59.718
     -26.328     -19.364      62.808
     -23.102     -21.101      61.867
     -22.489     -23.915      64.375
     -19.172     -24.574      62.608
     -19.523     -28.276      62.320
     -16.035     -28.942      63.687
     -16.262     -32.680      63.394
     -14.234     -33.499      66.497
     -13.567     -36.602      64.522
     -10.278     -36.962      66.277
      -9.427     -39.121      63.282
      -8.890     -42.397      65.111
      -5.323     -41.818      63.955
      -4.842     -45.450      63.241
      -2.671     -44.613      60.218
      -1.707     -48.284      59.810
      -2.431     -49.263      56.227
       0.626     -48.967      53.963
      -1.982     -51.279      52.372
       0.386     -54.176      52.124
       1.427     -53.438      55.631
       4.947     -54.667      55.254
       4.540     -54.233      51.540
       7.900     -55.180      50.104
       7.545     -53.493      46.745
      10.192     -56.002      45.791
      12.726     -54.848      48.312
      15.153     -55.363      45.508
      16.730     -52.079      46.498
      13.610     -50.580      48.029
      12.668     -49.269      44.666
      16.300     -48.651      43.921
      15.590     -49.345      40.257
      14.149     -45.852      40.764
      16.766     -45.066      43.320
      18.718     -45.368      40.108
      21.673     -43.328      41.191
      22.466     -46.506      43.116
      25.570     -45.652      41.051
      25.923     -49.391      41.124
      29.077     -49.271      43.168
      27.921     -45.673      43.670
      31.241     -43.925      43.390
      32.690     -46.862      41.514
      35.160     -47.728      44.266
      37.961     -46.013      42.389
      39.954     -49.069      43.608
      39.116     -51.015      40.506
      42.708     -50.842      39.473
      41.647     -49.703      36.017
      45.078     -48.417      36.817
      45.302     -49.223      33.131
      44.532     -45.565      32.629
      46.875     -44.615      35.474
      50.127     -44.824      33.731
      51.038     -41.284      34.762
      48.321     -40.586      32.155
      50.378     -39.950      28.998
      51.137     -43.516      27.913
      47.587     -44.311      26.852
      46.639     -40.793      25.717
      46.741     -41.779      22.100
      47.693     -38.205      21.513
      44.875     -37.306      19.119
      42.539     -39.470      21.195
      39.641     -36.985      21.387
      41.914     -34.411      19.791
      39.867     -32.631      17.226
      38.087     -35.928      17.661
      35.972     -35.134      14.714
      38.866     -34.820      12.275
      36.653     -36.554       9.723
      33.607     -34.441      10.494
      33.921     -32.958       7.044
      30.927     -30.780       8.023
      31.110     -28.618       4.878
      28.445     -26.218       6.113
      30.223     -23.892       3.690
      30.448     -27.040       1.470
      33.788     -25.916      -0.028
      32.106     -22.503       0.063
      31.780     -24.758      -2.970
      34.377     -22.025      -3.378
      34.677     -22.386      -7.143
      37.527     -19.869      -7.405
      35.118     -16.999      -7.578
      38.255     -15.005      -7.979
      36.070     -11.961      -8.491
      38.785      -9.904      -6.783
      38.329      -8.603     -10.291
      36.404      -5.678      -9.030
      37.960      -3.551     -11.740
      38.410      -0.832      -9.087
      41.991      -0.304     -10.286
      41.539       0.040      -6.524
      43.858       2.876      -5.623
      40.767       4.616      -4.279
      42.724       7.908      -4.025
      41.153       9.346      -0.837
      37.696       8.209      -1.868
      37.850      10.628      -4.740
      36.012      13.347      -2.866
      33.357      10.714      -2.500
      31.910      12.928       0.253
      34.422      15.395      -1.249
      33.341      17.861       1.428
      30.533      17.325      -1.053
      31.963      19.759      -3.499
      28.791      21.762      -3.200
      27.850      19.701      -6.224
      26.351      22.678      -7.905
      27.993      25.682      -6.282
      31.484      25.738      -7.889
      30.449      28.658     -10.130
      31.786      27.225     -13.435
      31.256      30.560     -15.163
      34.720      30.897     -16.682
      33.109      29.782     -19.933
      36.413      30.978     -21.352
      37.713      27.972     -23.282
      36.295      30.079     -26.184
      38.920      29.118     -28.704
      37.759      25.657     -27.672
      36.079      26.081     -31.067
      39.203      27.694     -32.498
      38.058      26.365     -35.861
      41.714      26.068     -36.789
      40.829      26.941     -40.359
      44.244      25.999     -41.587
      43.184      27.336     -44.975
      46.034      26.480     -47.203
      45.628      22.778     -47.938
      48.913      23.100     -49.762
      47.580      22.033     -53.170
      48.121      25.676     -54.019
      48.289      24.552     -57.639
      52.058      24.531     -57.758
      52.390      25.698     -61.374
      48.989      24.022     -61.619
      49.317      22.176     -64.879
      52.921      23.229     -65.088
      52.278      24.694     -68.553
     -56.473     -32.853      66.342
     -55.450     -29.456      64.952
     -57.714     -30.275      62.087
     -55.438     -29.333      59.292
     -52.726     -28.193      61.565
     -52.564     -25.631      58.848
     -49.240     -26.913      57.518
     -48.609     -23.160      57.293
     -49.323     -22.611      60.960
     -46.801     -19.839      60.516
     -46.956     -19.725      64.386
     -43.299     -20.519      64.619
     -42.764     -21.601      61.006
     -38.969     -21.130      60.958
     -38.965     -21.644      64.694
     -35.334     -22.661      64.905
     -34.014     -22.802      61.307
     -30.957     -21.248      62.891
     -30.254     -24.349      60.777
     -27.217     -25.104      62.968
     -26.478     -28.605      61.774
     -23.408     -27.583      63.743
     -21.211     -30.185      62.062
     -18.055     -28.322      62.906
     -16.434     -31.746      62.729
     -13.307     -30.780      64.524
     -11.337     -33.155      62.260
     -11.261     -35.761      64.931
      -7.687     -36.366      63.930
      -8.098     -40.044      64.778
      -4.435     -40.644      65.567
      -3.679     -41.298      61.914
      -5.351     -44.687      62.201
      -4.801     -46.619      58.970
      -6.014     -44.046      56.439
      -4.640     -46.048      53.542
      -3.670     -48.922      55.712
      -1.754     -48.602      52.429
      -0.228     -51.979      52.626
       0.243     -51.863      56.329
       3.668     -53.136      55.728
       3.632     -54.207      52.178
       7.231     -55.263      51.802
       7.104     -57.759      48.872
      10.745     -58.758      49.190
      10.980     -55.476      51.059
      13.439     -54.905      48.189
      14.461     -51.384      49.229
      11.506     -49.903      47.391
      12.456     -51.858      44.308
      15.968     -50.554      44.125
      17.420     -52.553      41.254
      15.754     -49.303      40.177
      18.439     -47.277      41.842
      18.677     -45.017      38.840
      21.239     -42.815      40.491
      23.753     -45.572      41.443
      26.280     -42.736      40.803
      28.933     -43.919      43.206
      30.341     -45.483      40.095
      32.949     -42.797      40.839
      35.107     -45.917      40.725
      34.017     -47.445      43.994
      37.625     -48.414      44.823
      38.490     -45.633      42.477
      41.860     -47.478      42.614
      40.269     -50.606      41.277
      43.381     -51.161      39.271
      44.465     -47.657      40.071
      47.351     -49.857      39.151
      48.376     -47.711      36.240
      48.247     -44.282      37.802
      49.460     -42.703      34.524
      48.806     -46.019      32.930
      50.977     -45.165      29.911
      49.254     -41.799      30.380
      49.494     -41.253      26.661
      45.920     -42.220      25.845
      45.854     -38.411      25.634
      48.749     -37.779      23.217
      46.845     -40.590      21.517
      47.566     -38.611      18.404
      43.875     -38.855      17.664
      42.537     -40.184      20.930
      41.857     -36.540      21.469
      41.864     -35.968      17.743
      39.398     -33.199      18.413
      36.572     -35.465      19.553
      34.555     -32.965      17.666
      37.511     -33.388      15.354
      36.910     -30.619      12.845
      33.285     -30.820      13.929
      32.478     -33.358      11.266
      30.599     -31.052       8.919
      33.175     -31.412       6.142
      31.389     -28.795       4.064
      33.910     -26.030       4.414
      31.668     -24.926       1.596
      34.405     -26.700      -0.310
      33.515     -24.270      -3.119
      37.129     -24.639      -4.399
      37.180     -20.920      -5.206
      35.545     -21.992      -8.442
      36.210     -18.315      -9.181
      34.436     -17.752      -5.919
      37.048     -15.055      -5.499
      36.770     -13.726      -9.062
      33.484     -11.878      -8.804
      34.967      -9.612     -11.448
      34.546      -6.855      -8.955
      36.512      -4.157     -10.806
      34.441      -1.553      -9.048
      37.562      -1.422      -6.864
      36.359       2.101      -7.286
      39.661       3.463      -6.162
      37.915       6.364      -4.524
      40.881       6.130      -2.129
      39.679       9.546      -0.953
      36.909       9.189      -3.466
      37.139      12.785      -4.432
      36.658      14.019      -0.919
      33.487      12.013      -1.413
      33.953      13.318       2.148
      33.508      16.193      -0.296
      32.160      19.028       1.847
      28.710      18.417       0.389
      27.982      21.882      -0.798
      28.244      21.141      -4.466
      31.382      23.246      -4.803
      30.371      24.447      -8.247
      30.600      28.136      -7.464
      29.797      29.377     -10.963
      29.466      25.794     -12.252
      32.261      26.001     -14.743
      32.215      29.751     -14.071
      34.773      30.542     -16.729
      31.855      28.452     -17.991
      32.091      30.520     -21.111
      35.089      28.360     -22.167
      34.152      28.106     -25.832
      35.859      31.084     -27.396
      35.708      29.334     -30.806
      39.500      29.843     -30.632
      39.945      26.532     -32.480
      37.588      27.712     -35.111
      40.707      28.111     -37.151
      39.491      27.596     -40.735
      42.890      28.704     -41.896
      43.658      25.082     -42.673
      44.997      26.302     -45.912
      44.703      22.644     -46.833
      47.782      23.223     -48.990
      45.917      25.268     -51.577
      48.878      26.874     -53.274
      47.817      24.961     -56.383
      50.474      22.302     -56.305
      50.806      22.854     -59.995
      47.554      24.651     -60.441
      48.672      25.523     -63.983
      51.809      27.112     -62.591
      53.855      24.688     -64.756
