  # There has been        5000 steps
 # The current temp is  0.592056334    
 # Number of atoms
         161
 # X(i)Y(i)Z(i)
    1   1 CA GLY -55.955 -21.265  56.351   1.000
    2   2 CA PRO -57.272 -17.977  57.547   1.000
    3   3 CA CYS -53.999 -16.850  55.912   1.000
    4   4 CA SER -51.751 -17.713  58.850   1.000
    5   5 CA SER -51.013 -21.413  58.386   1.000
    6   6 CA LEU -48.610 -21.224  61.319   1.000
    7   7 CA THR -45.935 -22.241  58.865   1.000
    8   8 CA GLY -46.246 -18.883  57.230   1.000
    9   9 CA PHE -46.415 -16.716  60.342   1.000
   10  10 CA SER -43.033 -15.039  60.257   1.000
   11  11 CA ASN -42.762 -17.786  62.803   1.000
   12  12 CA TRP -41.744 -14.874  64.919   1.000
   13  13 CA SER -38.970 -17.351  65.486   1.000
   14  14 CA ALA -37.951 -16.228  68.975   1.000
   15  15 CA ALA -34.753 -14.512  67.821   1.000
   16  16 CA ILE -33.288 -18.001  67.801   1.000
   17  17 CA ALA -30.579 -17.391  65.352   1.000
   18  18 CA PRO -28.234 -19.392  67.578   1.000
   19  19 CA SER -26.444 -19.603  64.201   1.000
   20  20 CA SER -25.414 -23.041  65.342   1.000
   21  21 CA SER -23.207 -23.842  62.420   1.000
   22  22 CA THR -22.028 -27.120  63.933   1.000
   23  23 CA ILE -19.080 -26.924  61.668   1.000
   24  24 CA ILE -16.586 -27.318  64.485   1.000
   25  25 CA ASN -17.525 -30.798  65.242   1.000
   26  26 CA GLU -17.524 -29.948  68.887   1.000
   27  27 CA ASP -14.379 -32.047  69.307   1.000
   28  28 CA ALA -16.570 -34.934  70.350   1.000
   29  29 CA SER -12.971 -35.913  70.394   1.000
   30  30 CA PHE -13.493 -38.260  67.480   1.000
   31  31 CA PHE -10.318 -37.126  65.824   1.000
   32  32 CA HIS -10.729 -40.344  64.100   1.000
   33  33 CA GLN  -7.842 -42.431  65.414   1.000
   34  34 CA GLY  -8.594 -44.875  62.582   1.000
   35  35 CA GLY  -6.237 -42.188  61.323   1.000
   36  36 CA VAL  -4.079 -44.590  59.377   1.000
   37  37 CA PRO  -6.874 -47.016  60.025   1.000
   38  38 CA ALA  -5.933 -47.870  56.388   1.000
   39  39 CA ALA  -4.887 -51.262  57.655   1.000
   40  40 CA SER  -2.707 -51.081  54.558   1.000
   41  41 CA ALA  -4.980 -54.010  53.425   1.000
   42  42 CA ASN  -1.653 -54.895  51.783   1.000
   43  43 CA ASN  -0.451 -57.724  54.006   1.000
   44  44 CA GLY   3.176 -56.528  53.568   1.000
   45  45 CA ALA   3.510 -58.679  50.462   1.000
   46  46 CA LEU   7.316 -58.337  50.285   1.000
   47  47 CA LEU   7.934 -61.933  49.376   1.000
   48  48 CA PHE  11.537 -61.143  50.089   1.000
   49  49 CA GLN  12.513 -63.215  47.152   1.000
   50  50 CA ASN  14.806 -60.402  46.294   1.000
   51  51 CA PHE  14.757 -61.111  42.614   1.000
   52  52 CA PRO  18.554 -61.092  42.423   1.000
   53  53 CA HIS  18.068 -58.255  39.958   1.000
   54  54 CA HIS  21.317 -56.615  41.053   1.000
   55  55 CA VAL  23.672 -59.201  39.536   1.000
   56  56 CA SER  25.121 -56.054  38.193   1.000
   57  57 CA PRO  25.166 -55.462  41.926   1.000
   58  58 CA GLY  24.824 -52.078  40.168   1.000
   59  59 CA PHE  28.123 -50.632  41.173   1.000
   60  60 CA GLY  27.832 -48.746  37.926   1.000
   61  61 CA GLY  30.025 -51.297  36.083   1.000
   62  62 CA SER  33.120 -50.339  38.028   1.000
   63  63 CA PHE  33.643 -53.663  39.735   1.000
   64  64 CA SER  36.957 -52.243  40.865   1.000
   65  65 CA PRO  37.787 -54.576  43.671   1.000
   66  66 CA GLN  39.893 -51.477  44.413   1.000
   67  67 CA ILE  43.180 -53.398  44.372   1.000
   68  68 CA GLY  41.474 -56.187  42.575   1.000
   69  69 CA PRO  44.139 -56.815  39.933   1.000
   70  70 CA LEU  45.594 -54.041  42.071   1.000
   71  71 CA SER  48.139 -53.040  39.592   1.000
   72  72 CA GLN  45.492 -50.985  37.840   1.000
   73  73 CA HIS  47.826 -49.052  35.622   1.000
   74  74 CA HIS  47.461 -52.002  33.289   1.000
   75  75 CA PRO  44.036 -50.590  32.544   1.000
   76  76 CA HIS  45.772 -49.078  29.485   1.000
   77  77 CA HIS  45.118 -45.531  30.582   1.000
   78  78 CA PRO  45.237 -44.249  27.025   1.000
   79  79 CA HIS  41.910 -45.989  27.617   1.000
   80  80 CA PHE  40.295 -44.176  24.712   1.000
   81  81 CA GLN  36.990 -45.696  25.656   1.000
   82  82 CA HIS  35.525 -42.486  24.185   1.000
   83  83 CA HIS  36.614 -42.684  20.520   1.000
   84  84 CA HIS  36.573 -38.982  19.838   1.000
   85  85 CA SER  39.342 -39.568  17.395   1.000
   86  86 CA GLN  40.240 -43.118  18.432   1.000
   87  87 CA HIS  39.186 -44.855  15.270   1.000
   88  88 CA GLN  37.259 -41.828  14.274   1.000
   89  89 CA GLN  38.007 -41.986  10.567   1.000
   90  90 CA GLN  34.401 -41.177   9.858   1.000
   91  91 CA ARG  36.589 -40.153   6.942   1.000
   92  92 CA ARG  36.156 -36.654   8.346   1.000
   93  93 CA SER  37.437 -34.942   5.257   1.000
   94  94 CA PRO  34.638 -34.890   2.582   1.000
   95  95 CA ALA  35.427 -31.167   2.342   1.000
   96  96 CA SER  36.388 -30.940  -1.353   1.000
   97  97 CA PRO  39.555 -32.984  -1.627   1.000
   98  98 CA HIS  40.831 -29.662  -3.010   1.000
   99  99 CA PRO  39.830 -30.247  -6.625   1.000
  100 100 CA PRO  41.797 -27.013  -6.162   1.000
  101 101 CA PRO  39.738 -25.948  -9.117   1.000
  102 102 CA PHE  37.774 -25.444  -5.972   1.000
  103 103 CA THR  36.375 -21.978  -6.647   1.000
  104 104 CA HIS  36.915 -20.883  -3.089   1.000
  105 105 CA ARG  36.929 -17.225  -4.122   1.000
  106 106 CA ASN  37.065 -15.948  -0.552   1.000
  107 107 CA ALA  40.651 -14.963  -0.671   1.000
  108 108 CA ALA  39.453 -13.022   2.322   1.000
  109 109 CA PHE  42.235 -10.635   1.466   1.000
  110 110 CA ASN  40.335  -8.635  -1.077   1.000
  111 111 CA GLN  41.931  -5.281  -0.631   1.000
  112 112 CA LEU  39.903  -4.600  -3.746   1.000
  113 113 CA PRO  40.367  -0.865  -3.385   1.000
  114 114 CA HIS  39.383  -0.747  -7.075   1.000
  115 115 CA LEU  37.239   2.288  -6.324   1.000
  116 116 CA ALA  40.343   4.369  -5.869   1.000
  117 117 CA ASN  38.592   7.648  -6.380   1.000
  118 118 CA ASN  37.719   7.339  -2.720   1.000
  119 119 CA LEU  34.484   9.212  -2.689   1.000
  120 120 CA ASN  35.295  11.239   0.431   1.000
  121 121 CA LYS  32.058  13.076   0.312   1.000
  122 122 CA PRO  31.192  12.713  -3.387   1.000
  123 123 CA PRO  29.896  16.217  -2.719   1.000
  124 124 CA SER  31.557  16.547  -6.179   1.000
  125 125 CA PRO  28.713  18.394  -7.787   1.000
  126 126 CA TRP  31.089  21.315  -8.130   1.000
  127 127 CA SER  33.930  19.117  -9.131   1.000
  128 128 CA SER  31.529  18.016 -11.913   1.000
  129 129 CA TYR  31.600  21.267 -13.800   1.000
  130 130 CA GLN  35.010  20.305 -15.106   1.000
  131 131 CA SER  33.660  20.150 -18.665   1.000
  132 132 CA PRO  35.732  23.187 -19.708   1.000
  133 133 CA SER  33.885  22.304 -22.937   1.000
  134 134 CA PRO  33.608  26.024 -22.949   1.000
  135 135 CA THR  33.472  25.177 -26.631   1.000
  136 136 CA PRO  34.755  28.547 -27.529   1.000
  137 137 CA SER  34.471  26.880 -31.001   1.000
  138 138 CA SER  37.813  27.880 -32.418   1.000
  139 139 CA SER  37.266  26.699 -35.976   1.000
  140 140 CA TRP  38.891  23.328 -35.640   1.000
  141 141 CA SER  39.543  23.104 -39.321   1.000
  142 142 CA PRO  43.324  23.806 -39.354   1.000
  143 143 CA GLY  43.416  23.267 -43.029   1.000
  144 144 CA GLY  43.815  26.924 -43.635   1.000
  145 145 CA GLY  45.024  25.513 -46.855   1.000
  146 146 CA GLY  46.988  28.628 -46.954   1.000
  147 147 CA TYR  46.169  29.781 -50.374   1.000
  148 148 CA GLY  43.354  27.348 -50.460   1.000
  149 149 CA GLY  42.184  30.283 -52.456   1.000
  150 150 CA TRP  41.009  28.764 -55.707   1.000
  151 151 CA GLY  40.392  32.043 -57.539   1.000
  152 152 CA GLY  40.068  30.676 -61.082   1.000
  153 153 CA SER  38.735  27.353 -59.903   1.000
  154 154 CA GLN  40.885  25.609 -62.384   1.000
  155 155 CA GLY  38.551  27.169 -64.868   1.000
  156 156 CA ARG  38.357  23.814 -66.518   1.000
  157 157 CA ASP  41.489  23.961 -68.712   1.000
  158 158 CA HIS  42.577  27.416 -67.906   1.000
  159 159 CA ARG  45.969  26.703 -66.212   1.000
  160 160 CA ARG  46.244  23.055 -67.155   1.000
  161 161 CA CYS  46.493  21.942 -63.553   1.000
    1  -0.234  -0.113   1.068
    2   1.093   0.973   0.056
    3   0.647  -0.925  -0.354
    4   1.606   0.667  -0.049
    5   0.206   0.718   0.179
    6   0.421   1.007   0.984
    7  -0.227   0.159   1.324
    8  -0.367  -0.147  -0.508
    9   0.660  -0.722  -0.848
   10   0.239   0.408  -0.731
   11  -0.427   0.649   0.755
   12   0.519   1.971  -0.069
   13   0.556   1.321   0.504
   14  -0.975   0.661   0.724
   15  -0.419  -0.306   1.144
   16  -0.104   0.102   0.397
   17   0.098  -0.049  -0.426
   18  -0.930  -1.015  -1.127
   19   0.624  -1.227  -0.341
   20   0.054  -0.777  -0.027
   21  -0.709  -1.286  -0.402
   22  -0.883  -0.425  -1.192
   23  -0.420  -0.938   0.432
   24   0.009   1.011   0.702
   25  -0.034  -0.291   0.047
   26  -0.924  -1.736  -0.433
   27   0.256  -0.585   1.040
   28   0.045   0.034   1.036
   29  -2.368   0.039   0.876
   30  -1.302   0.796  -1.024
   31  -0.640   0.895  -0.342
   32  -0.188   0.107   1.198
   33  -0.204   1.409  -0.413
   34   0.636  -0.497   0.009
   35   0.843   0.641  -0.945
   36   0.688   0.013   0.243
   37  -0.345   0.710   0.971
   38   0.414  -0.136   0.432
   39  -0.481   1.041  -0.115
   40  -0.613   1.767   0.372
   41   1.324   0.974  -0.291
   42  -0.460   0.575  -1.219
   43  -0.167   0.816  -0.292
   44   0.498  -1.089  -0.394
   45  -0.744  -0.374  -0.662
   46  -0.528   0.182   1.565
   47   0.245  -0.189  -0.493
   48   0.512  -0.743   0.141
   49   0.026  -0.892  -0.722
   50   0.845  -1.696   0.485
   51   0.278  -0.173   1.186
   52  -0.742  -1.982   0.962
   53  -1.047  -1.022   0.703
   54   0.106  -0.810   1.429
   55  -0.867   0.228   0.129
   56   0.067   0.437  -0.060
   57   0.758  -0.123   0.301
   58   1.569  -0.515  -1.991
   59   0.020   0.374   0.282
   60  -0.840   0.073  -0.758
   61  -0.497  -1.148   1.320
   62   1.477  -0.197  -0.993
   63   1.445  -0.123  -1.125
   64   0.377   0.021   0.564
   65   1.439  -0.394   0.621
   66  -0.255   0.290  -0.261
   67   0.030   0.403  -0.343
   68   0.006   0.403  -0.094
   69  -0.347  -0.551   1.064
   70   0.706   0.410   0.676
   71  -0.382   0.132   0.010
   72   0.013  -1.153  -0.657
   73   1.093  -0.032   1.172
   74  -1.367   0.261   1.230
   75  -0.505  -1.872  -0.904
   76  -0.345  -0.252   0.035
   77   0.224  -0.401  -1.147
   78   0.139  -0.617  -0.479
   79  -0.074  -0.377   0.193
   80   0.192  -0.238  -0.439
   81  -0.374   0.016   0.100
   82   0.148  -0.552  -0.653
   83  -0.099  -0.955  -1.634
   84   0.523   0.069   0.094
   85  -0.388  -0.070  -0.439
   86   0.541   0.382   0.525
   87  -0.697   0.481   0.540
   88  -0.333   1.234  -0.403
   89   0.692   0.275   0.242
   90   0.290  -0.209   0.161
   91  -0.766  -0.303  -0.485
   92   1.264   0.469   0.186
   93  -1.148   1.758   0.411
   94  -0.395   0.305  -0.759
   95   0.544   0.973  -0.101
   96   1.331  -1.086   0.192
   97   1.296  -0.136   1.746
   98  -0.767  -0.288  -0.576
   99   0.660   0.451   0.204
  100   0.187   0.193   0.455
  101   0.445   0.062   0.802
  102  -0.315   0.488  -0.586
  103   0.023   0.165   0.831
  104   0.593  -0.952   1.274
  105  -1.490  -0.460  -0.504
  106   0.901  -1.309  -0.392
  107  -0.539   0.554   1.712
  108  -0.578   0.463   1.301
  109   0.353  -1.494  -0.038
  110   1.177  -1.308   0.163
  111  -0.684  -0.617  -1.288
  112  -0.871  -0.061  -0.326
  113  -0.905  -1.803   0.621
  114  -0.446   0.323  -0.920
  115  -0.395   0.827  -1.657
  116  -0.193  -0.863  -0.098
  117   0.398  -0.637   0.591
  118  -0.690  -1.373   0.458
  119   0.491   0.536   0.066
  120  -0.362   0.264   0.845
  121  -0.815   1.710  -0.802
  122   0.405  -0.816  -1.879
  123   0.578   0.645   0.483
  124  -0.089  -0.829   0.639
  125  -0.631   0.674   0.238
  126  -0.517   0.148   0.392
  127  -0.252  -0.483  -0.584
  128   0.671   0.753  -0.586
  129   0.266   0.706   0.362
  130  -0.125   0.920  -0.059
  131   0.023  -0.152   0.203
  132   0.344   0.176  -1.098
  133  -0.487  -1.378  -1.111
  134   1.176  -0.524  -1.404
  135  -1.238   0.813  -0.126
  136   0.709   1.850   0.097
  137  -1.053  -0.247  -0.474
  138  -1.245  -0.223  -1.675
  139  -1.185  -1.527  -0.754
  140   0.470   0.036   0.276
  141   0.216   0.088  -0.415
  142  -0.938   0.551  -0.139
  143  -1.781   0.872   0.920
  144  -0.150   0.228  -0.505
  145  -0.336  -0.245   0.322
  146   0.087  -0.035  -0.409
  147   0.116  -0.841  -1.054
  148  -0.553  -0.080  -2.135
  149  -0.217  -0.504   0.058
  150   2.053   0.445   0.562
  151  -0.066  -0.010  -0.757
  152  -0.212   0.119  -0.388
  153  -0.711   0.487   0.082
  154   0.644   1.039   0.626
  155   0.111   0.055   0.816
  156  -0.763   0.975   0.724
  157  -0.142  -0.118   1.632
  158  -0.206   0.262   1.185
  159   0.343  -0.251  -0.701
  160  -0.567   0.163   0.073
  161   0.048   0.391  -0.544
           1
         161
