  # There has been       50000 steps
 # The current temp is  0.514060557    
 # Number of atoms
         161
 # X(i)Y(i)Z(i)
    1   1 CA GLY  13.210 -22.422  55.527   1.000
    2   2 CA PRO   9.628 -23.131  56.756   1.000
    3   3 CA CYS  10.088 -24.708  53.344   1.000
    4   4 CA SER   6.503 -23.783  52.498   1.000
    5   5 CA SER   7.256 -20.147  51.852   1.000
    6   6 CA LEU   4.338 -18.735  53.819   1.000
    7   7 CA THR   2.280 -21.028  51.687   1.000
    8   8 CA GLY   4.102 -20.535  48.371   1.000
    9   9 CA PHE   2.425 -23.800  47.583   1.000
   10  10 CA SER   3.100 -23.748  43.856   1.000
   11  11 CA ASN  -0.250 -22.099  43.458   1.000
   12  12 CA TRP  -1.400 -25.584  42.538   1.000
   13  13 CA SER  -3.681 -26.467  45.407   1.000
   14  14 CA ALA  -6.707 -25.709  43.216   1.000
   15  15 CA ALA  -6.812 -21.873  42.910   1.000
   16  16 CA ILE -10.422 -21.682  43.850   1.000
   17  17 CA ALA  -9.338 -19.782  46.976   1.000
   18  18 CA PRO  -7.013 -17.996  44.464   1.000
   19  19 CA SER -10.604 -17.422  43.287   1.000
   20  20 CA SER -10.636 -13.780  44.081   1.000
   21  21 CA SER  -6.955 -14.307  44.538   1.000
   22  22 CA THR  -6.839 -10.625  45.671   1.000
   23  23 CA ILE  -3.868  -9.997  43.492   1.000
   24  24 CA ILE  -2.287 -10.300  46.881   1.000
   25  25 CA ASN  -0.295  -7.064  46.729   1.000
   26  26 CA GLU   2.273  -8.525  44.450   1.000
   27  27 CA ASP   1.638  -5.300  42.468   1.000
   28  28 CA ALA  -1.653  -3.843  43.569   1.000
   29  29 CA SER  -0.076  -0.635  42.288   1.000
   30  30 CA PHE   2.945  -2.961  42.882   1.000
   31  31 CA PHE   4.103  -0.098  45.012   1.000
   32  32 CA HIS   7.013  -2.379  45.967   1.000
   33  33 CA GLN   7.609  -0.509  49.161   1.000
   34  34 CA GLY   4.664   1.638  48.065   1.000
   35  35 CA GLY   5.931   4.817  49.685   1.000
   36  36 CA VAL   7.107   6.576  46.552   1.000
   37  37 CA PRO  10.194   8.175  48.043   1.000
   38  38 CA ALA  10.419   9.122  44.356   1.000
   39  39 CA ALA  13.632  11.071  44.750   1.000
   40  40 CA SER  15.026   7.680  45.708   1.000
   41  41 CA ALA  14.640   6.876  41.946   1.000
   42  42 CA ASN  17.506   4.375  42.103   1.000
   43  43 CA ASN  17.825   3.785  38.299   1.000
   44  44 CA GLY  19.989   0.814  39.418   1.000
   45  45 CA ALA  16.938  -0.712  41.225   1.000
   46  46 CA LEU  15.670  -0.618  37.631   1.000
   47  47 CA LEU  12.442  -2.254  38.733   1.000
   48  48 CA PHE  10.888   1.122  37.677   1.000
   49  49 CA GLN   7.877  -0.163  39.532   1.000
   50  50 CA ASN   7.790   3.064  41.658   1.000
   51  51 CA PHE   5.637   3.580  38.620   1.000
   52  52 CA PRO   4.263   6.693  40.298   1.000
   53  53 CA HIS   2.016   5.666  37.421   1.000
   54  54 CA HIS   5.019   3.632  36.208   1.000
   55  55 CA VAL   5.819   5.859  33.276   1.000
   56  56 CA SER   4.322   3.580  30.682   1.000
   57  57 CA PRO   7.312   4.029  28.335   1.000
   58  58 CA GLY   8.554   4.986  31.846   1.000
   59  59 CA PHE  11.518   2.793  31.108   1.000
   60  60 CA GLY  12.537   5.013  28.273   1.000
   61  61 CA GLY  14.536   7.028  30.744   1.000
   62  62 CA SER  16.065   3.963  32.325   1.000
   63  63 CA PHE  17.379   2.803  29.009   1.000
   64  64 CA SER  20.814   1.555  29.925   1.000
   65  65 CA PRO  20.744   5.054  31.292   1.000
   66  66 CA GLN  24.328   4.136  31.697   1.000
   67  67 CA ILE  24.176   5.846  35.034   1.000
   68  68 CA GLY  27.786   4.888  35.828   1.000
   69  69 CA PRO  28.261   5.142  32.057   1.000
   70  70 CA LEU  31.393   6.484  33.850   1.000
   71  71 CA SER  33.683   4.126  31.954   1.000
   72  72 CA GLN  34.832   7.050  29.898   1.000
   73  73 CA HIS  32.995   5.551  26.871   1.000
   74  74 CA HIS  33.869   9.058  25.746   1.000
   75  75 CA PRO  30.937  10.657  27.485   1.000
   76  76 CA HIS  29.554  10.499  23.894   1.000
   77  77 CA HIS  27.868   7.257  24.803   1.000
   78  78 CA PRO  25.103   8.199  22.383   1.000
   79  79 CA HIS  24.164   4.607  23.449   1.000
   80  80 CA PHE  27.768   4.064  24.604   1.000
   81  81 CA GLN  27.062   0.421  24.108   1.000
   82  82 CA HIS  30.412  -0.365  25.504   1.000
   83  83 CA HIS  31.468  -2.200  22.383   1.000
   84  84 CA HIS  28.997   0.014  20.618   1.000
   85  85 CA SER  32.014   0.870  18.481   1.000
   86  86 CA GLN  33.324   3.224  20.966   1.000
   87  87 CA HIS  36.595   1.464  20.345   1.000
   88  88 CA GLN  37.824   3.395  23.341   1.000
   89  89 CA GLN  36.966   6.774  21.763   1.000
   90  90 CA GLN  40.635   7.202  22.150   1.000
   91  91 CA ARG  41.419   5.062  19.246   1.000
   92  92 CA ARG  39.811   7.699  17.087   1.000
   93  93 CA SER  42.225   6.852  14.299   1.000
   94  94 CA PRO  39.775   7.531  11.547   1.000
   95  95 CA ALA  41.168   4.197  10.538   1.000
   96  96 CA SER  38.047   3.912   8.429   1.000
   97  97 CA PRO  39.857   0.834   7.285   1.000
   98  98 CA HIS  39.551   0.895  11.033   1.000
   99  99 CA PRO  39.652  -2.862  11.694   1.000
  100 100 CA PRO  43.040  -1.855  13.098   1.000
  101 101 CA PRO  41.777  -4.723  15.249   1.000
  102 102 CA PHE  40.660  -5.853  11.849   1.000
  103 103 CA THR  41.763  -9.417  12.666   1.000
  104 104 CA HIS  45.419  -8.704  12.032   1.000
  105 105 CA ARG  46.266 -12.488  12.160   1.000
  106 106 CA ASN  47.504 -11.679   8.669   1.000
  107 107 CA ALA  47.257 -15.174   7.413   1.000
  108 108 CA ALA  50.801 -16.284   8.217   1.000
  109 109 CA PHE  49.716 -17.919  11.350   1.000
  110 110 CA ASN  52.263 -20.662  10.903   1.000
  111 111 CA GLN  52.197 -22.425  14.212   1.000
  112 112 CA LEU  49.729 -24.698  12.557   1.000
  113 113 CA PRO  50.991 -27.812  14.244   1.000
  114 114 CA HIS  48.612 -29.419  11.835   1.000
  115 115 CA LEU  50.062 -32.845  11.037   1.000
  116 116 CA ALA  52.041 -33.773  14.117   1.000
  117 117 CA ASN  52.735 -37.383  12.975   1.000
  118 118 CA ASN  49.415 -37.183  11.095   1.000
  119 119 CA LEU  47.294 -39.021  13.693   1.000
  120 120 CA ASN  44.552 -40.299  11.445   1.000
  121 121 CA LYS  46.756 -39.599   8.439   1.000
  122 122 CA PRO  43.652 -38.972   6.321   1.000
  123 123 CA PRO  46.589 -37.355   4.773   1.000
  124 124 CA SER  43.844 -34.697   4.244   1.000
  125 125 CA PRO  45.694 -32.752   1.509   1.000
  126 126 CA TRP  47.905 -32.592   4.642   1.000
  127 127 CA SER  50.809 -32.524   2.208   1.000
  128 128 CA SER  48.483 -30.435  -0.055   1.000
  129 129 CA TYR  51.883 -29.684  -1.612   1.000
  130 130 CA GLN  53.639 -29.736   1.657   1.000
  131 131 CA SER  56.553 -31.029  -0.218   1.000
  132 132 CA PRO  58.114 -29.201   2.733   1.000
  133 133 CA SER  60.570 -28.487  -0.042   1.000
  134 134 CA PRO  61.917 -32.000  -0.824   1.000
  135 135 CA THR  61.055 -30.903  -4.387   1.000
  136 136 CA PRO  63.846 -28.390  -4.384   1.000
  137 137 CA SER  61.973 -27.219  -7.481   1.000
  138 138 CA SER  61.262 -24.464  -5.097   1.000
  139 139 CA SER  64.852 -24.185  -4.204   1.000
  140 140 CA TRP  64.809 -20.571  -5.225   1.000
  141 141 CA SER  61.598 -20.583  -3.358   1.000
  142 142 CA PRO  63.116 -17.846  -1.151   1.000
  143 143 CA GLY  59.568 -16.965  -0.114   1.000
  144 144 CA GLY  58.967 -19.110  -3.076   1.000
  145 145 CA GLY  55.440 -19.407  -2.014   1.000
  146 146 CA GLY  54.939 -22.141  -4.598   1.000
  147 147 CA TYR  54.875 -19.771  -7.499   1.000
  148 148 CA GLY  54.490 -22.976  -9.496   1.000
  149 149 CA GLY  52.918 -24.762  -6.551   1.000
  150 150 CA TRP  51.352 -27.691  -8.442   1.000
  151 151 CA GLY  50.426 -25.321 -11.252   1.000
  152 152 CA GLY  48.060 -23.273  -9.020   1.000
  153 153 CA SER  47.279 -21.280 -12.214   1.000
  154 154 CA GLN  43.800 -22.680 -12.424   1.000
  155 155 CA GLY  42.950 -20.119  -9.683   1.000
  156 156 CA ARG  45.018 -17.438 -11.370   1.000
  157 157 CA ASP  42.218 -14.901 -10.802   1.000
  158 158 CA HIS  44.239 -11.749 -11.357   1.000
  159 159 CA ARG  41.028  -9.904 -10.774   1.000
  160 160 CA ARG  42.941  -6.873  -9.687   1.000
  161 161 CA CYS  45.433  -8.963  -7.702   1.000
    1   0.736  -1.178  -0.018
    2  -0.065  -0.722  -0.811
    3   1.139   0.216   0.227
    4  -0.415  -1.090  -0.482
    5  -0.516   0.037   0.133
    6   1.172   0.340   0.515
    7   0.471   0.008   0.040
    8   1.191   0.226   0.014
    9   0.754   1.663   0.765
   10   0.102   0.018  -0.801
   11   0.131   0.635  -0.644
   12  -0.527   1.422  -0.651
   13   0.414  -0.540   0.327
   14  -0.092   0.043   0.193
   15  -1.092  -1.183  -0.060
   16  -0.445  -1.059   0.131
   17  -0.506   0.397   0.498
   18   0.510   0.515  -1.720
   19  -0.259   1.445  -0.065
   20  -0.760  -0.214   0.859
   21   0.010  -0.453   0.458
   22  -0.262   0.914   0.073
   23   0.577   0.993  -0.590
   24  -1.098  -0.165  -0.526
   25   0.956  -0.727   0.241
   26   0.390  -0.937  -0.615
   27   0.801   0.650   1.318
   28   0.335   0.004   1.658
   29  -0.289   0.051  -0.132
   30  -0.029  -0.407   0.159
   31   0.368  -0.311   0.443
   32   1.768  -1.237  -0.214
   33  -0.407  -1.245   0.176
   34   0.529  -0.592   0.217
   35  -0.659   0.120   1.051
   36  -0.211  -0.663  -0.387
   37  -1.490  -0.701  -0.075
   38   0.556  -0.004   0.095
   39  -1.103   0.299   0.183
   40   1.526   1.329   0.539
   41   0.216  -0.675   0.168
   42   1.142   0.055  -0.364
   43   0.805   0.038   0.425
   44  -0.205   1.142   0.654
   45  -0.045   0.997   0.341
   46  -0.368   0.255   0.284
   47   1.454   1.362  -0.112
   48   0.519  -0.567  -0.447
   49   0.064  -0.288  -2.217
   50   0.539   0.939  -0.254
   51   0.232   0.001  -0.482
   52   0.772   0.293  -0.449
   53  -0.306  -0.689   1.042
   54   0.542   0.449   0.018
   55   0.044   0.790  -1.726
   56   0.196   0.561  -0.970
   57  -1.063   0.131  -0.845
   58  -0.638  -1.003  -0.126
   59   0.700  -0.025  -0.343
   60  -0.302  -0.433   0.536
   61   0.521   0.870   0.466
   62  -1.201   1.549  -1.409
   63   0.381   0.430   0.036
   64  -0.193   0.064  -0.738
   65   0.502  -0.331   0.178
   66  -0.948   0.207  -1.858
   67  -1.090  -1.306  -1.499
   68  -0.788   0.615   0.344
   69  -0.124   1.138  -0.717
   70  -0.278   0.952  -0.343
   71  -0.582   0.183   0.701
   72   0.194   0.870  -0.074
   73  -0.635  -0.200   0.490
   74   0.118  -0.241   0.133
   75  -0.115   1.709  -0.243
   76   1.504  -0.546  -0.141
   77   0.820   0.012  -0.022
   78  -0.391  -0.598   0.094
   79  -0.173  -0.537   0.874
   80   0.692   0.518   0.769
   81   0.143  -0.088  -0.190
   82   0.021  -0.368  -0.969
   83  -0.925   1.028   1.132
   84   0.171  -1.134  -0.020
   85  -0.627  -0.216   0.037
   86  -0.543   0.737   0.854
   87  -0.976   0.838   0.001
   88   0.558  -0.303   0.863
   89   0.600   0.876  -0.657
   90  -0.554  -0.565   0.308
   91   0.769   0.613   0.273
   92  -0.465  -0.060   0.712
   93  -0.042   0.278  -0.596
   94  -0.376   0.393  -0.031
   95  -0.719   0.684  -0.981
   96   0.078  -0.002  -0.251
   97  -1.082  -1.046  -0.148
   98   0.092   0.499  -0.538
   99   0.962   0.085   0.361
  100  -0.361   0.488  -0.262
  101  -0.977   0.424  -0.408
  102   0.344   0.308   1.002
  103   0.966  -0.719   0.858
  104   1.411   1.536   0.027
  105   0.185  -0.385  -1.220
  106   0.684   0.788   1.196
  107  -0.458   0.446  -0.583
  108  -1.140   0.892   0.505
  109  -0.074   0.228   0.708
  110  -0.856   0.386  -0.461
  111   0.683   0.019   0.338
  112   0.108   1.262   1.195
  113  -1.230  -0.358  -1.728
  114  -1.251   0.067   0.424
  115  -0.847   0.811  -0.740
  116   0.264   1.062   0.202
  117  -0.961  -0.071  -0.155
  118  -1.655  -0.060  -0.943
  119  -0.127   0.258  -0.126
  120   1.208  -0.155   0.375
  121  -0.084   0.770  -0.142
  122  -0.406  -1.410  -0.181
  123  -0.204  -1.048   0.591
  124  -0.519  -0.720  -1.274
  125  -0.142  -0.172  -0.111
  126  -0.054  -0.611  -0.021
  127   0.026  -0.179  -0.360
  128  -0.258  -0.611   0.126
  129   0.727  -0.851   0.267
  130  -1.733  -1.482  -0.379
  131  -0.637   0.081   0.735
  132   0.712  -0.880  -0.817
  133   0.269   0.154   0.702
  134  -0.640  -0.812  -0.363
  135  -0.502   1.051   0.042
  136  -0.751  -0.011   1.554
  137  -0.230   0.456   0.835
  138   0.193  -0.502   0.481
  139   0.438  -0.164   1.513
  140   0.081   0.471   0.877
  141  -1.221  -0.029   0.210
  142   0.209  -1.144  -0.107
  143   0.259   0.353   0.276
  144   0.548  -0.516   1.067
  145  -0.588  -1.326  -0.274
  146   0.025  -0.210  -0.257
  147  -0.286  -1.648   0.386
  148  -0.191   0.323   1.192
  149   0.757  -0.178   0.035
  150   0.304  -0.888   0.050
  151   0.526   0.028   0.157
  152   1.037  -0.495   0.867
  153   1.535  -1.530   0.280
  154   0.514   0.193   0.136
  155  -0.056  -0.678  -0.393
  156   0.949  -0.541   0.801
  157  -0.952  -0.562  -0.826
  158  -0.062  -0.598  -0.661
  159   0.615   1.105   0.925
  160  -0.519  -0.343  -1.401
  161   1.028  -0.880   0.051
           1
         161
