  # There has been       50000 steps
 # The current temp is  0.517854035    
 # Number of atoms
         161
 # X(i)Y(i)Z(i)
    1   1 CA GLY -16.430 -59.804  72.510   1.000
    2   2 CA PRO -19.065 -61.588  70.377   1.000
    3   3 CA CYS -16.158 -63.765  71.260   1.000
    4   4 CA SER -16.559 -62.791  74.896   1.000
    5   5 CA SER -14.690 -65.974  75.848   1.000
    6   6 CA LEU -11.746 -63.810  76.860   1.000
    7   7 CA THR -10.845 -62.626  73.397   1.000
    8   8 CA GLY  -8.132 -60.137  74.295   1.000
    9   9 CA PHE  -9.418 -58.450  71.039   1.000
   10  10 CA SER  -6.009 -59.342  69.737   1.000
   11  11 CA ASN  -7.410 -60.548  66.524   1.000
   12  12 CA TRP  -4.010 -61.807  65.571   1.000
   13  13 CA SER  -5.865 -63.949  63.023   1.000
   14  14 CA ALA  -3.614 -62.009  60.792   1.000
   15  15 CA ALA  -5.120 -63.831  57.904   1.000
   16  16 CA ILE  -8.580 -62.222  58.134   1.000
   17  17 CA ALA  -6.943 -59.001  57.030   1.000
   18  18 CA PRO -10.077 -58.327  55.060   1.000
   19  19 CA SER -10.831 -55.087  57.001   1.000
   20  20 CA SER -12.838 -53.199  54.370   1.000
   21  21 CA SER  -9.349 -52.414  53.068   1.000
   22  22 CA THR -11.082 -53.421  49.994   1.000
   23  23 CA ILE -10.211 -50.031  48.637   1.000
   24  24 CA ILE  -7.257 -49.576  50.997   1.000
   25  25 CA ASN  -4.760 -50.059  48.268   1.000
   26  26 CA GLU  -2.510 -51.985  50.558   1.000
   27  27 CA ASP  -3.235 -54.504  47.822   1.000
   28  28 CA ALA  -0.027 -56.519  48.156   1.000
   29  29 CA SER   0.278 -55.953  44.502   1.000
   30  30 CA PHE   0.922 -52.296  45.050   1.000
   31  31 CA PHE  -0.944 -51.330  41.951   1.000
   32  32 CA HIS   2.201 -51.361  39.948   1.000
   33  33 CA GLN   0.877 -49.677  36.840   1.000
   34  34 CA GLY   4.062 -48.165  35.733   1.000
   35  35 CA GLY   5.621 -48.221  39.115   1.000
   36  36 CA VAL   5.970 -44.495  39.489   1.000
   37  37 CA PRO   9.696 -44.946  39.140   1.000
   38  38 CA ALA   9.294 -42.394  42.027   1.000
   39  39 CA ALA  12.247 -40.513  40.787   1.000
   40  40 CA SER  10.709 -37.672  42.781   1.000
   41  41 CA ALA   7.886 -37.968  40.206   1.000
   42  42 CA ASN   9.874 -36.238  37.426   1.000
   43  43 CA ASN   7.576 -33.259  37.533   1.000
   44  44 CA GLY   8.384 -33.237  41.241   1.000
   45  45 CA ALA   7.913 -29.526  41.046   1.000
   46  46 CA LEU   4.275 -30.398  40.638   1.000
   47  47 CA LEU   3.289 -26.814  41.051   1.000
   48  48 CA PHE   3.456 -26.284  37.244   1.000
   49  49 CA GLN  -0.099 -27.513  37.245   1.000
   50  50 CA ASN   0.230 -27.060  33.560   1.000
   51  51 CA PHE   3.981 -27.192  33.829   1.000
   52  52 CA PRO   3.944 -26.904  30.036   1.000
   53  53 CA HIS   0.602 -25.394  30.982   1.000
   54  54 CA HIS   1.525 -21.682  30.437   1.000
   55  55 CA VAL   3.109 -21.214  33.797   1.000
   56  56 CA SER   6.007 -19.132  32.559   1.000
   57  57 CA PRO   8.102 -21.975  31.103   1.000
   58  58 CA GLY  10.370 -19.008  30.667   1.000
   59  59 CA PHE   7.503 -16.859  31.851   1.000
   60  60 CA GLY   9.684 -14.034  30.568   1.000
   61  61 CA GLY  12.374 -16.429  29.336   1.000
   62  62 CA SER  14.479 -13.406  28.555   1.000
   63  63 CA PHE  12.928 -13.156  25.213   1.000
   64  64 CA SER  16.484 -13.684  23.929   1.000
   65  65 CA PRO  15.483 -15.461  20.810   1.000
   66  66 CA GLN  18.350 -17.493  22.081   1.000
   67  67 CA ILE  17.178 -20.859  20.747   1.000
   68  68 CA GLY  20.214 -21.897  22.764   1.000
   69  69 CA PRO  21.657 -23.736  19.700   1.000
   70  70 CA LEU  24.458 -21.069  19.820   1.000
   71  71 CA SER  23.785 -20.689  16.119   1.000
   72  72 CA GLN  26.699 -18.265  15.549   1.000
   73  73 CA HIS  25.056 -16.555  12.598   1.000
   74  74 CA HIS  24.651 -13.189  14.350   1.000
   75  75 CA PRO  27.997 -14.089  15.781   1.000
   76  76 CA HIS  28.072 -10.501  14.454   1.000
   77  77 CA HIS  27.721 -11.506  10.795   1.000
   78  78 CA PRO  25.299  -8.800   9.822   1.000
   79  79 CA HIS  28.923  -7.788   9.574   1.000
   80  80 CA PHE  28.722  -4.821  11.846   1.000
   81  81 CA GLN  31.612  -3.686   9.777   1.000
   82  82 CA HIS  31.533  -5.838   6.730   1.000
   83  83 CA HIS  35.089  -7.080   7.195   1.000
   84  84 CA HIS  34.828  -9.522   4.339   1.000
   85  85 CA SER  35.086 -12.264   6.955   1.000
   86  86 CA GLN  35.756  -9.625   9.579   1.000
   87  87 CA HIS  34.265 -11.568  12.361   1.000
   88  88 CA GLN  34.316  -8.068  13.686   1.000
   89  89 CA GLN  33.830  -9.681  17.068   1.000
   90  90 CA GLN  36.900  -7.699  18.026   1.000
   91  91 CA ARG  36.314  -6.156  14.613   1.000
   92  92 CA ARG  40.135  -5.652  14.801   1.000
   93  93 CA SER  40.284  -2.756  12.422   1.000
   94  94 CA PRO  41.026  -5.012   9.404   1.000
   95  95 CA ALA  42.331  -7.365  12.247   1.000
   96  96 CA SER  45.666  -7.625  10.479   1.000
   97  97 CA PRO  46.209 -11.114  11.782   1.000
   98  98 CA HIS  46.929 -11.589   8.037   1.000
   99  99 CA PRO  43.505 -13.143   7.582   1.000
  100 100 CA PRO  44.439 -14.763  10.932   1.000
  101 101 CA PRO  40.753 -15.673  10.880   1.000
  102 102 CA PHE  42.787 -18.796  11.573   1.000
  103 103 CA THR  39.871 -20.813  10.089   1.000
  104 104 CA HIS  42.030 -22.593   7.592   1.000
  105 105 CA ARG  39.382 -22.716   4.805   1.000
  106 106 CA ASN  41.353 -20.256   2.702   1.000
  107 107 CA ALA  38.092 -18.745   1.588   1.000
  108 108 CA ALA  38.532 -21.017  -1.411   1.000
  109 109 CA PHE  42.264 -20.543  -1.521   1.000
  110 110 CA ASN  42.588 -24.331  -1.175   1.000
  111 111 CA GLN  45.660 -23.645   1.001   1.000
  112 112 CA LEU  45.415 -27.074   2.687   1.000
  113 113 CA PRO  47.127 -25.637   5.772   1.000
  114 114 CA HIS  47.452 -22.532   3.625   1.000
  115 115 CA LEU  49.156 -20.294   6.181   1.000
  116 116 CA ALA  48.902 -17.040   4.256   1.000
  117 117 CA ASN  48.316 -18.941   1.007   1.000
  118 118 CA ASN  50.634 -16.771  -0.944   1.000
  119 119 CA LEU  49.414 -18.682  -4.006   1.000
  120 120 CA ASN  47.732 -15.615  -5.297   1.000
  121 121 CA LYS  45.507 -18.150  -6.958   1.000
  122 122 CA PRO  49.176 -19.375  -7.133   1.000
  123 123 CA PRO  47.629 -22.840  -7.934   1.000
  124 124 CA SER  50.355 -22.646 -10.507   1.000
  125 125 CA PRO  49.972 -26.332 -11.225   1.000
  126 126 CA TRP  47.117 -25.720  -8.785   1.000
  127 127 CA SER  45.195 -26.510 -12.010   1.000
  128 128 CA SER  44.111 -22.963 -12.382   1.000
  129 129 CA TYR  46.529 -21.860 -14.927   1.000
  130 130 CA GLN  44.397 -18.957 -15.846   1.000
  131 131 CA SER  47.268 -16.540 -15.181   1.000
  132 132 CA PRO  44.757 -14.539 -13.220   1.000
  133 133 CA SER  46.134 -11.358 -14.533   1.000
  134 134 CA PRO  42.858  -9.503 -15.156   1.000
  135 135 CA THR  44.789  -6.707 -13.672   1.000
  136 136 CA PRO  42.460  -4.339 -15.480   1.000
  137 137 CA SER  45.021  -1.763 -14.258   1.000
  138 138 CA SER  42.045   0.452 -13.373   1.000
  139 139 CA SER  42.334   0.493 -17.074   1.000
  140 140 CA TRP  44.457   3.544 -16.409   1.000
  141 141 CA SER  44.104   4.985 -19.861   1.000
  142 142 CA PRO  47.568   6.456 -19.589   1.000
  143 143 CA GLY  46.532   8.169 -16.285   1.000
  144 144 CA GLY  49.820  10.101 -16.025   1.000
  145 145 CA GLY  49.773   8.618 -12.585   1.000
  146 146 CA GLY  51.498  11.774 -11.419   1.000
  147 147 CA TYR  50.517  11.274  -7.813   1.000
  148 148 CA GLY  53.300  13.696  -6.846   1.000
  149 149 CA GLY  52.082  16.416  -9.183   1.000
  150 150 CA TRP  55.622  17.413  -8.324   1.000
  151 151 CA GLY  54.561  17.480  -4.630   1.000
  152 152 CA GLY  52.202  20.240  -5.154   1.000
  153 153 CA SER  55.269  21.141  -7.242   1.000
  154 154 CA GLN  53.796  24.434  -8.697   1.000
  155 155 CA GLY  54.969  23.118 -12.054   1.000
  156 156 CA ARG  53.600  25.815 -14.321   1.000
  157 157 CA ASP  53.503  23.315 -17.274   1.000
  158 158 CA HIS  53.158  20.201 -15.236   1.000
  159 159 CA ARG  51.275  18.589 -18.028   1.000
  160 160 CA ARG  53.406  20.703 -20.187   1.000
  161 161 CA CYS  56.287  18.401 -20.681   1.000
    1  -0.042   0.281  -0.972
    2   0.738  -1.167  -0.689
    3  -0.366  -1.729  -0.218
    4  -1.490  -0.529  -1.400
    5   0.355   0.489  -0.014
    6   0.961  -0.415  -0.115
    7  -0.108  -0.748  -1.155
    8   1.013  -0.926   0.626
    9   0.416  -0.663  -0.518
   10   0.477   0.067  -1.860
   11   0.866   0.880   1.157
   12  -0.028   0.443   0.070
   13  -0.603  -0.463  -0.192
   14   0.614  -0.050  -1.792
   15   1.073  -0.743  -0.408
   16   0.705  -0.623  -1.495
   17  -0.472  -0.660  -0.011
   18   1.370  -0.905  -0.357
   19  -0.406  -0.250   0.306
   20  -0.780   0.948   0.045
   21  -0.835  -0.139  -0.457
   22   0.827  -0.513  -0.268
   23   0.140  -0.601  -0.125
   24  -0.738  -0.049  -0.095
   25  -0.671  -0.691   0.377
   26  -0.338   0.567   0.751
   27  -0.539   0.395   0.516
   28   0.382  -0.041  -0.527
   29  -1.607   0.276   0.420
   30   1.006   0.346  -0.491
   31   0.117  -0.979  -0.613
   32  -0.678  -0.157   0.249
   33   0.576   0.063  -0.870
   34   1.421  -0.550   0.429
   35  -0.611  -0.684  -0.490
   36   0.592  -1.033  -0.787
   37  -0.026   0.300   0.232
   38  -0.532   0.954   0.759
   39  -0.896   0.984  -0.442
   40  -0.820  -0.801   1.377
   41  -0.058  -0.409   0.192
   42  -0.404   0.338  -0.462
   43  -0.171  -0.565   0.158
   44   1.020  -0.659   0.873
   45   0.526   0.242  -0.400
   46  -0.221   0.100   0.062
   47   0.217  -0.136  -0.406
   48   0.850   0.260   0.367
   49  -0.671   0.303   0.492
   50   0.155   1.424   0.783
   51   0.562  -0.578  -0.086
   52  -0.478   1.542   0.731
   53   0.833   1.120   0.083
   54   0.001   0.341  -0.613
   55   0.609   0.977  -0.689
   56   0.167   1.059   0.123
   57  -0.553  -1.172  -1.014
   58   0.746   0.089   0.510
   59   0.535   1.072   0.300
   60  -0.405  -0.294  -0.512
   61  -0.092   1.100  -1.462
   62   1.348  -0.083   0.226
   63  -0.328  -1.171   0.407
   64  -0.334  -0.713   0.172
   65   0.173  -0.555  -0.502
   66   0.400   0.322   0.645
   67   1.868  -0.697  -0.268
   68   0.178   0.314   0.164
   69  -1.157   1.404  -0.701
   70   0.166   0.208  -0.967
   71   1.009  -0.959  -0.596
   72  -0.761   1.450   0.495
   73   0.126  -1.343   0.950
   74  -0.515  -1.164  -0.485
   75  -1.668   0.296  -0.556
   76   0.397   0.237   0.181
   77   0.412   0.450  -1.591
   78   0.869  -0.478   0.159
   79  -0.325  -0.665  -0.081
   80  -0.238   0.208  -0.190
   81   0.556   0.745   0.272
   82  -0.896  -0.170  -0.765
   83  -0.119  -0.438   0.133
   84   0.263   0.210  -0.136
   85   0.944   1.402   0.073
   86  -0.442   0.831  -0.974
   87   0.411   0.403  -1.166
   88   0.067  -0.554  -0.821
   89  -0.609   0.132  -0.121
   90  -0.297   0.151   0.075
   91   0.479  -0.072  -0.800
   92   2.291  -0.466   0.540
   93   0.386  -0.492   0.959
   94   0.036   0.501   0.668
   95   0.755  -0.856   0.018
   96   0.701   1.412  -0.480
   97  -0.109  -0.017  -0.306
   98   0.476   0.808   0.220
   99  -1.029   0.405  -0.366
  100  -0.151  -0.397   0.863
  101  -0.335   1.573  -1.009
  102   0.123   2.079   0.676
  103   0.671  -0.916   0.876
  104  -2.048   0.079   0.167
  105   0.271   0.941  -0.645
  106  -0.589   0.098  -0.735
  107   0.071   0.630  -0.661
  108  -0.419  -0.350  -0.951
  109  -0.713   0.009  -0.220
  110  -1.098  -0.419  -0.939
  111   0.096   0.802   0.908
  112  -1.404   0.869   0.195
  113   0.692  -0.187  -0.960
  114  -1.310   0.574   0.850
  115   0.404  -0.439  -0.154
  116   0.938  -0.600   0.311
  117   0.809  -0.132  -0.757
  118   0.036   0.288  -0.228
  119   0.647  -0.029  -0.435
  120   0.978   0.192   0.922
  121  -1.020  -1.125   0.764
  122   0.649   0.033  -0.353
  123  -0.956  -1.178  -0.852
  124  -0.515   0.343   1.070
  125   0.437  -0.871   0.546
  126   1.203   0.269   0.554
  127  -0.363   0.074   0.132
  128  -0.345  -0.165  -1.172
  129   0.258  -1.184   1.054
  130   0.425  -1.388  -0.011
  131   1.015  -0.394   0.807
  132  -0.492  -0.250  -0.692
  133  -0.571  -1.185  -0.787
  134  -0.351   0.082   1.058
  135  -0.299   0.462   0.512
  136   1.016   0.154   0.060
  137   0.096   0.927   0.738
  138  -0.399   0.269  -0.531
  139  -0.429   1.184   1.673
  140   0.058   0.911   0.119
  141  -1.253   0.262  -0.368
  142   0.158  -1.361   0.712
  143  -0.611  -0.240   0.783
  144   0.264  -0.922  -0.554
  145  -0.837  -0.720   0.497
  146   1.520  -0.008  -0.216
  147  -0.630  -0.830  -1.207
  148  -1.436   0.174  -0.211
  149  -0.320   0.221  -0.115
  150   1.032  -0.405   0.377
  151  -0.372  -0.384   0.354
  152   1.050  -0.549   0.374
  153   0.609   0.550   0.468
  154   0.376  -0.383   0.861
  155   0.913  -0.587   0.929
  156   0.470  -0.108  -0.159
  157   0.314  -0.872  -0.489
  158   0.176  -0.494   0.117
  159  -0.172  -0.763  -1.255
  160  -1.103  -0.154   0.039
  161  -0.531   0.475   0.711
           1
         161
