  # There has been       50000 steps
 # The current temp is  0.476790458    
 # Number of atoms
         161
 # X(i)Y(i)Z(i)
    1   1 CA GLY -13.275 -52.413  54.347   1.000
    2   2 CA PRO -10.476 -54.822  53.307   1.000
    3   3 CA CYS  -8.493 -51.756  54.608   1.000
    4   4 CA SER  -8.972 -50.105  51.272   1.000
    5   5 CA SER  -6.827 -53.075  50.353   1.000
    6   6 CA LEU  -3.714 -50.830  50.445   1.000
    7   7 CA THR  -5.939 -47.699  50.128   1.000
    8   8 CA GLY  -4.343 -45.827  53.095   1.000
    9   9 CA PHE  -7.774 -44.371  53.505   1.000
   10  10 CA SER  -7.648 -45.135  57.154   1.000
   11  11 CA ASN -11.265 -46.338  57.191   1.000
   12  12 CA TRP -12.344 -42.690  57.433   1.000
   13  13 CA SER -10.113 -42.316  60.519   1.000
   14  14 CA ALA -10.882 -38.668  59.752   1.000
   15  15 CA ALA -14.068 -39.868  61.538   1.000
   16  16 CA ILE -14.421 -36.774  63.731   1.000
   17  17 CA ALA -11.835 -35.239  61.424   1.000
   18  18 CA PRO -12.108 -31.826  63.136   1.000
   19  19 CA SER -14.345 -31.412  60.157   1.000
   20  20 CA SER -13.579 -27.762  60.282   1.000
   21  21 CA SER -16.888 -27.166  58.646   1.000
   22  22 CA THR -15.586 -27.825  55.236   1.000
   23  23 CA ILE -17.889 -25.231  53.741   1.000
   24  24 CA ILE -15.424 -23.091  55.644   1.000
   25  25 CA ASN -14.777 -21.259  52.413   1.000
   26  26 CA GLU -12.925 -18.584  54.262   1.000
   27  27 CA ASP -14.587 -15.910  52.158   1.000
   28  28 CA ALA -17.166 -18.284  50.898   1.000
   29  29 CA SER -19.583 -15.394  51.265   1.000
   30  30 CA PHE -17.245 -13.285  53.407   1.000
   31  31 CA PHE -18.930 -14.788  56.436   1.000
   32  32 CA HIS -16.270 -16.362  58.632   1.000
   33  33 CA GLN -13.737 -13.727  57.908   1.000
   34  34 CA GLY -10.586 -15.811  58.060   1.000
   35  35 CA GLY  -7.983 -13.157  58.035   1.000
   36  36 CA VAL  -4.950 -15.391  58.179   1.000
   37  37 CA PRO  -4.400 -15.424  54.455   1.000
   38  38 CA ALA  -0.817 -15.408  55.626   1.000
   39  39 CA ALA  -0.460 -19.217  55.981   1.000
   40  40 CA SER   1.813 -18.170  58.856   1.000
   41  41 CA ALA   4.506 -20.854  59.445   1.000
   42  42 CA ASN   6.867 -19.098  57.167   1.000
   43  43 CA ASN   7.310 -16.377  59.805   1.000
   44  44 CA GLY   5.839 -14.100  57.219   1.000
   45  45 CA ALA   7.662 -11.603  59.276   1.000
   46  46 CA LEU  10.255 -12.323  56.589   1.000
   47  47 CA LEU   9.955  -8.707  55.182   1.000
   48  48 CA PHE  11.524  -9.950  51.827   1.000
   49  49 CA GLN   8.300  -8.940  50.055   1.000
   50  50 CA ASN   8.631  -5.772  52.359   1.000
   51  51 CA PHE   5.515  -3.833  51.443   1.000
   52  52 CA PRO   5.933  -5.990  48.370   1.000
   53  53 CA HIS   3.744  -3.242  46.880   1.000
   54  54 CA HIS   6.153  -2.125  44.153   1.000
   55  55 CA VAL   8.250  -0.821  46.997   1.000
   56  56 CA SER  10.698   0.060  44.332   1.000
   57  57 CA PRO   9.109  -2.362  41.787   1.000
   58  58 CA GLY  12.906  -2.522  41.104   1.000
   59  59 CA PHE  12.113  -4.426  38.020   1.000
   60  60 CA GLY  15.441  -4.237  36.208   1.000
   61  61 CA GLY  14.605  -7.327  34.207   1.000
   62  62 CA SER  17.695  -8.696  35.792   1.000
   63  63 CA PHE  17.268  -6.981  39.006   1.000
   64  64 CA SER  20.667  -5.848  37.981   1.000
   65  65 CA PRO  22.393  -7.105  41.033   1.000
   66  66 CA GLN  25.149  -5.133  39.355   1.000
   67  67 CA ILE  23.930  -5.868  35.776   1.000
   68  68 CA GLY  27.391  -6.967  34.873   1.000
   69  69 CA PRO  29.162  -4.444  37.203   1.000
   70  70 CA LEU  31.705  -7.114  36.238   1.000
   71  71 CA SER  31.978  -8.911  39.535   1.000
   72  72 CA GLN  35.573  -7.758  39.494   1.000
   73  73 CA HIS  34.808  -4.836  37.147   1.000
   74  74 CA HIS  35.925  -2.355  39.868   1.000
   75  75 CA PRO  38.982  -1.538  37.487   1.000
   76  76 CA HIS  35.427  -1.960  36.210   1.000
   77  77 CA HIS  36.042   1.683  35.344   1.000
   78  78 CA PRO  33.154   1.666  33.021   1.000
   79  79 CA HIS  35.068  -1.076  31.067   1.000
   80  80 CA PHE  31.949  -3.321  31.190   1.000
   81  81 CA GLN  31.108  -2.320  27.678   1.000
   82  82 CA HIS  34.789  -2.141  27.242   1.000
   83  83 CA HIS  34.837  -4.747  24.583   1.000
   84  84 CA HIS  35.374  -7.783  26.767   1.000
   85  85 CA SER  39.076  -6.928  26.731   1.000
   86  86 CA GLN  39.220  -9.485  29.507   1.000
   87  87 CA HIS  35.541 -10.116  28.979   1.000
   88  88 CA GLN  35.709 -12.510  31.827   1.000
   89  89 CA GLN  33.255 -14.869  30.110   1.000
   90  90 CA GLN  35.328 -15.370  27.019   1.000
   91  91 CA ARG  33.855 -18.790  26.420   1.000
   92  92 CA ARG  37.313 -20.051  25.784   1.000
   93  93 CA SER  38.388 -17.349  23.394   1.000
   94  94 CA PRO  40.590 -19.693  21.551   1.000
   95  95 CA ALA  41.081 -16.302  19.905   1.000
   96  96 CA SER  38.235 -16.882  17.525   1.000
   97  97 CA PRO  39.536 -13.964  15.581   1.000
   98  98 CA HIS  36.048 -12.481  16.291   1.000
   99  99 CA PRO  35.622 -12.121  12.572   1.000
  100 100 CA PRO  32.105 -11.810  14.036   1.000
  101 101 CA PRO  31.337 -14.491  11.374   1.000
  102 102 CA PHE  34.033 -12.763   9.260   1.000
  103 103 CA THR  34.936 -16.221   8.171   1.000
  104 104 CA HIS  36.158 -14.829   4.846   1.000
  105 105 CA ARG  33.166 -15.453   2.726   1.000
  106 106 CA ASN  31.697 -12.263   3.979   1.000
  107 107 CA ALA  31.515 -10.878   0.498   1.000
  108 108 CA ALA  35.260 -11.029   0.104   1.000
  109 109 CA PHE  35.041 -12.930  -3.141   1.000
  110 110 CA ASN  37.619 -15.190  -1.655   1.000
  111 111 CA GLN  37.769 -16.864  -5.002   1.000
  112 112 CA LEU  41.304 -18.073  -4.216   1.000
  113 113 CA PRO  42.616 -17.133  -7.627   1.000
  114 114 CA HIS  39.538 -14.980  -6.946   1.000
  115 115 CA LEU  41.057 -11.698  -8.025   1.000
  116 116 CA ALA  39.987 -11.935 -11.622   1.000
  117 117 CA ASN  36.496 -10.920 -10.638   1.000
  118 118 CA ASN  37.343  -9.599  -7.181   1.000
  119 119 CA LEU  35.912  -6.212  -7.745   1.000
  120 120 CA ASN  37.402  -5.580 -11.136   1.000
  121 121 CA LYS  40.255  -3.315 -10.181   1.000
  122 122 CA PRO  38.316  -0.093 -10.086   1.000
  123 123 CA PRO  39.797   0.081  -6.592   1.000
  124 124 CA SER  42.968  -0.384  -8.554   1.000
  125 125 CA PRO  43.334   3.281  -9.611   1.000
  126 126 CA TRP  44.924   3.174  -6.162   1.000
  127 127 CA SER  44.289   6.841  -5.577   1.000
  128 128 CA SER  47.643   7.120  -3.811   1.000
  129 129 CA TYR  46.034   4.268  -1.960   1.000
  130 130 CA GLN  43.983   6.555   0.431   1.000
  131 131 CA SER  41.854   3.625   1.534   1.000
  132 132 CA PRO  38.532   5.544   1.524   1.000
  133 133 CA SER  40.131   4.965  -1.881   1.000
  134 134 CA PRO  36.864   4.889  -3.821   1.000
  135 135 CA THR  36.376   6.842  -0.581   1.000
  136 136 CA PRO  35.098  10.040  -2.318   1.000
  137 137 CA SER  32.496   7.507  -3.532   1.000
  138 138 CA SER  30.014   8.993  -1.050   1.000
  139 139 CA SER  27.630   7.102  -3.303   1.000
  140 140 CA TRP  30.167   5.683  -5.675   1.000
  141 141 CA SER  27.876   2.756  -6.541   1.000
  142 142 CA PRO  24.978   4.751  -5.088   1.000
  143 143 CA GLY  25.271   6.011  -8.730   1.000
  144 144 CA GLY  21.552   6.632  -8.465   1.000
  145 145 CA GLY  22.767   9.987  -7.368   1.000
  146 146 CA GLY  25.010   9.412 -10.374   1.000
  147 147 CA TYR  27.245  11.805  -8.572   1.000
  148 148 CA GLY  24.745  11.568  -5.655   1.000
  149 149 CA GLY  25.932  14.576  -3.718   1.000
  150 150 CA TRP  29.264  13.856  -5.371   1.000
  151 151 CA GLY  31.759  14.412  -2.599   1.000
  152 152 CA GLY  33.865  16.733  -4.661   1.000
  153 153 CA SER  31.973  19.763  -3.327   1.000
  154 154 CA GLN  30.268  20.143  -6.716   1.000
  155 155 CA GLY  33.653  19.803  -8.505   1.000
  156 156 CA ARG  32.158  16.939 -10.359   1.000
  157 157 CA ASP  28.721  18.208  -9.509   1.000
  158 158 CA HIS  28.393  17.906 -13.255   1.000
  159 159 CA ARG  24.617  18.411 -13.399   1.000
  160 160 CA ARG  25.252  20.108 -10.104   1.000
  161 161 CA CYS  23.285  17.196  -8.743   1.000
    1   0.619   1.095   0.260
    2  -0.674  -0.872  -1.303
    3   0.651  -0.331  -0.713
    4  -0.212  -1.422  -0.422
    5  -0.162   0.161   0.148
    6  -0.044   0.684  -2.259
    7   1.202   0.676  -0.490
    8  -0.595   0.414  -0.409
    9  -0.245  -0.869   0.332
   10   0.332   0.192   0.956
   11   0.697  -0.906  -0.328
   12  -0.426  -0.053  -0.170
   13   0.322  -0.487   0.474
   14   0.735   0.676  -0.080
   15  -0.945   0.663  -1.567
   16   0.176   0.700  -0.262
   17  -0.731  -0.641  -0.785
   18   0.085  -0.484  -0.392
   19   1.028  -0.425   0.390
   20   0.817  -0.459  -1.479
   21   0.313  -0.300  -0.518
   22  -0.539   1.182   1.149
   23  -0.209   0.023  -0.016
   24  -0.599  -0.242  -0.451
   25   0.522   0.445   0.870
   26   0.184  -0.304   0.744
   27   0.853  -0.054  -0.235
   28   0.314   0.040  -0.081
   29   0.267   0.106  -0.398
   30  -0.921  -0.483  -0.475
   31   0.338   0.158  -0.696
   32   0.107  -0.096  -0.032
   33   0.362  -0.262   0.225
   34  -0.145   0.233   0.384
   35   0.927   0.294   0.719
   36  -1.052   0.717  -0.137
   37  -0.425   0.861  -1.122
   38  -0.781  -0.408  -0.312
   39  -1.230   0.643   1.087
   40   0.136  -0.483  -0.487
   41  -0.086  -1.155  -0.008
   42   0.563   0.273   0.489
   43  -0.929   1.299   0.644
   44  -0.032   0.477   0.895
   45  -0.133  -0.508  -0.207
   46  -0.306   0.850   0.529
   47  -0.319   0.023  -0.836
   48   0.346   1.007  -0.552
   49  -0.183   0.438  -0.189
   50   0.888   0.433  -0.832
   51  -0.328  -0.257  -1.090
   52  -0.135  -0.001   1.201
   53   1.708  -0.077   0.231
   54   0.796   0.229   0.170
   55  -0.469  -0.009   0.054
   56   0.017   0.155  -0.294
   57  -0.253   0.383   0.529
   58   0.206   1.229   0.143
   59   0.567   0.686  -0.701
   60   0.109   0.147  -0.182
   61  -0.242  -0.981  -1.099
   62   0.128  -0.172   0.886
   63   0.256  -1.558   0.243
   64   0.455   0.407  -1.254
   65  -0.435   0.118  -0.697
   66   1.823  -0.562   0.910
   67   0.345  -0.064   0.312
   68  -0.102  -1.567   0.351
   69  -0.819   0.579  -0.815
   70  -0.005  -0.551  -0.610
   71   0.140   0.996  -0.595
   72   0.936  -0.760   0.090
   73  -0.204   1.433  -0.129
   74  -0.392  -0.171   0.941
   75  -0.026   1.251  -0.729
   76  -0.023  -0.940  -0.308
   77  -0.994   1.077   0.030
   78  -0.433   0.729   0.175
   79   0.623  -0.009  -0.604
   80   0.099   0.860  -0.114
   81   1.200   0.780  -0.675
   82  -0.542  -1.224   0.206
   83   0.042   0.417   1.111
   84   0.251   0.223   0.469
   85   0.541  -0.811  -1.390
   86  -0.312   0.780  -0.227
   87  -0.411  -0.501   0.442
   88  -2.240   0.380  -0.260
   89  -2.533  -0.367  -0.159
   90  -0.020  -0.894  -0.911
   91  -0.995   0.422  -0.064
   92  -0.576   0.454  -0.054
   93   0.001   0.165   0.519
   94   0.169  -0.913   0.598
   95   0.884   0.425   0.434
   96   0.129   0.828   1.447
   97   0.116   0.062  -0.994
   98  -0.472   0.632  -0.569
   99  -0.308  -0.676  -0.154
  100   0.047   1.586   0.990
  101   1.124  -0.172   0.714
  102   0.585   0.246   0.461
  103  -0.796   0.085   1.331
  104   0.375  -0.374  -0.707
  105  -1.222   0.900   2.354
  106   1.012   0.056  -0.275
  107  -0.424  -0.105   0.701
  108  -0.106   1.358   0.257
  109  -0.570   0.887  -0.959
  110  -0.898  -0.108   0.829
  111   0.653  -0.625   0.070
  112   0.520  -0.196  -0.380
  113  -0.968  -1.169  -1.209
  114   0.043  -0.432  -0.025
  115  -0.163  -0.527   0.641
  116   0.787   0.125   0.279
  117  -0.134  -0.291   0.943
  118  -0.488  -0.814   0.150
  119   0.726  -0.043   0.574
  120   0.053   0.781  -0.138
  121  -0.621   0.047  -0.650
  122  -0.919  -0.142   1.169
  123   0.515  -0.025   0.395
  124   0.540   1.252  -0.314
  125  -0.461   0.630   0.478
  126   0.676  -0.358   0.042
  127  -0.017  -0.059  -0.688
  128  -1.194  -1.515  -0.847
  129   0.386  -0.177  -0.683
  130   0.096   0.205  -0.131
  131  -0.644   0.174  -0.513
  132  -0.368  -0.762  -0.003
  133   0.195  -1.038  -0.033
  134   1.595  -0.251   0.639
  135   0.914   0.905  -0.378
  136  -1.738  -0.153   0.980
  137  -0.013   1.368  -0.092
  138  -1.286   0.926   0.122
  139   0.295  -1.164   1.141
  140   0.184   0.308  -0.363
  141  -0.197  -0.849   0.861
  142   0.837   0.423   0.713
  143  -1.162  -0.139  -0.095
  144   0.150  -0.754  -1.235
  145  -0.418   0.930   0.421
  146   0.393   0.186   0.261
  147  -0.468  -0.071   0.174
  148   1.048  -0.308   0.165
  149   0.074  -0.232  -0.194
  150   0.801  -0.766   0.483
  151   0.873  -0.497   0.215
  152   0.194  -0.482   0.291
  153   1.276  -0.379   0.175
  154  -0.271  -0.710  -0.478
  155   0.013  -0.783  -0.645
  156  -0.581   0.284  -0.383
  157  -1.011   0.683  -0.845
  158  -0.544  -0.070  -0.491
  159  -0.376  -1.376  -0.641
  160   0.281   0.420  -0.849
  161   0.021   0.374   0.894
           1
         161
