  # There has been       50000 steps
 # The current temp is  0.539021671    
 # Number of atoms
         161
 # X(i)Y(i)Z(i)
    1   1 CA GLY  24.394 -28.307  76.166   1.000
    2   2 CA PRO  27.236 -29.885  74.120   1.000
    3   3 CA CYS  27.573 -26.433  72.738   1.000
    4   4 CA SER  26.323 -24.592  75.785   1.000
    5   5 CA SER  23.327 -23.230  73.870   1.000
    6   6 CA LEU  24.317 -24.621  70.609   1.000
    7   7 CA THR  20.714 -24.852  69.884   1.000
    8   8 CA GLY  20.285 -21.422  68.285   1.000
    9   9 CA PHE  16.959 -22.542  66.910   1.000
   10  10 CA SER  18.454 -25.111  64.585   1.000
   11  11 CA ASN  17.477 -23.816  61.171   1.000
   12  12 CA TRP  14.807 -26.459  61.520   1.000
   13  13 CA SER  17.573 -28.921  61.588   1.000
   14  14 CA ALA  18.844 -27.824  58.141   1.000
   15  15 CA ALA  17.606 -31.466  57.887   1.000
   16  16 CA ILE  20.611 -32.966  56.238   1.000
   17  17 CA ALA  18.624 -32.872  53.020   1.000
   18  18 CA PRO  18.414 -36.636  52.790   1.000
   19  19 CA SER  20.724 -35.749  49.969   1.000
   20  20 CA SER  20.764 -39.212  48.440   1.000
   21  21 CA SER  21.295 -36.871  45.498   1.000
   22  22 CA THR  24.944 -37.532  46.128   1.000
   23  23 CA ILE  25.959 -35.093  43.454   1.000
   24  24 CA ILE  29.456 -36.078  44.125   1.000
   25  25 CA ASN  29.940 -32.452  43.248   1.000
   26  26 CA GLU  30.476 -31.780  46.940   1.000
   27  27 CA ASP  29.609 -28.385  45.809   1.000
   28  28 CA ALA  27.750 -28.006  49.050   1.000
   29  29 CA SER  24.459 -28.812  47.535   1.000
   30  30 CA PHE  26.305 -27.635  44.498   1.000
   31  31 CA PHE  24.753 -29.762  41.814   1.000
   32  32 CA HIS  26.038 -27.578  39.011   1.000
   33  33 CA GLN  29.692 -27.829  40.194   1.000
   34  34 CA GLY  30.802 -28.926  36.703   1.000
   35  35 CA GLY  33.776 -30.879  37.895   1.000
   36  36 CA VAL  36.425 -28.864  36.145   1.000
   37  37 CA PRO  34.107 -25.925  35.566   1.000
   38  38 CA ALA  36.008 -23.963  38.101   1.000
   39  39 CA ALA  33.734 -20.950  37.381   1.000
   40  40 CA SER  33.563 -22.531  34.049   1.000
   41  41 CA ALA  31.445 -19.459  33.440   1.000
   42  42 CA ASN  34.512 -17.331  34.055   1.000
   43  43 CA ASN  33.196 -14.368  31.986   1.000
   44  44 CA GLY  36.414 -12.452  32.243   1.000
   45  45 CA ALA  35.288 -11.436  35.762   1.000
   46  46 CA LEU  34.992  -7.849  34.495   1.000
   47  47 CA LEU  34.556  -5.592  37.539   1.000
   48  48 CA PHE  30.863  -5.477  38.128   1.000
   49  49 CA GLN  30.594  -7.372  34.944   1.000
   50  50 CA ASN  27.065  -8.420  35.606   1.000
   51  51 CA PHE  28.152 -12.029  36.081   1.000
   52  52 CA PRO  26.877 -12.018  39.698   1.000
   53  53 CA HIS  25.566  -8.980  37.931   1.000
   54  54 CA HIS  25.345  -7.211  41.266   1.000
   55  55 CA VAL  22.878  -4.665  40.163   1.000
   56  56 CA SER  25.660  -3.019  38.248   1.000
   57  57 CA PRO  24.879   0.394  39.888   1.000
   58  58 CA GLY  23.692   0.602  36.310   1.000
   59  59 CA PHE  26.010   3.605  36.000   1.000
   60  60 CA GLY  24.200   5.829  33.442   1.000
   61  61 CA GLY  20.783   5.103  34.814   1.000
   62  62 CA SER  18.613   5.518  31.883   1.000
   63  63 CA PHE  17.950   1.720  31.708   1.000
   64  64 CA SER  16.420   1.990  35.135   1.000
   65  65 CA PRO  15.807  -1.764  35.124   1.000
   66  66 CA GLN  14.268  -0.880  38.563   1.000
   67  67 CA ILE  12.347  -4.133  38.211   1.000
   68  68 CA GLY  15.142  -5.903  39.950   1.000
   69  69 CA PRO  15.929  -8.119  37.025   1.000
   70  70 CA LEU  13.492 -10.662  38.605   1.000
   71  71 CA SER  15.430 -13.368  36.879   1.000
   72  72 CA GLN  17.900 -10.716  35.790   1.000
   73  73 CA HIS  20.859 -13.103  35.318   1.000
   74  74 CA HIS  22.782 -11.130  32.799   1.000
   75  75 CA PRO  19.591 -10.216  30.883   1.000
   76  76 CA HIS  22.577  -7.945  30.050   1.000
   77  77 CA HIS  19.930  -5.475  31.219   1.000
   78  78 CA PRO  22.636  -4.253  33.592   1.000
   79  79 CA HIS  25.290  -5.529  31.070   1.000
   80  80 CA PHE  27.484  -2.707  32.354   1.000
   81  81 CA GLN  28.945  -2.677  28.890   1.000
   82  82 CA HIS  32.129  -1.012  29.999   1.000
   83  83 CA HIS  33.854  -3.330  27.647   1.000
   84  84 CA HIS  32.486  -6.431  29.323   1.000
   85  85 CA SER  34.638  -8.670  27.185   1.000
   86  86 CA GLN  31.752  -9.899  25.226   1.000
   87  87 CA HIS  29.841  -8.795  28.251   1.000
   88  88 CA GLN  27.789  -7.712  25.326   1.000
   89  89 CA GLN  25.955 -10.678  26.584   1.000
   90  90 CA GLN  27.995 -10.517  29.771   1.000
   91  91 CA ARG  27.735 -14.359  30.283   1.000
   92  92 CA ARG  27.465 -15.069  26.637   1.000
   93  93 CA SER  29.887 -18.025  26.716   1.000
   94  94 CA PRO  28.843 -19.023  23.149   1.000
   95  95 CA ALA  27.506 -21.826  25.396   1.000
   96  96 CA SER  29.922 -24.497  24.294   1.000
   97  97 CA PRO  26.929 -25.920  22.654   1.000
   98  98 CA HIS  29.552 -28.022  20.931   1.000
   99  99 CA PRO  30.657 -28.197  24.538   1.000
  100 100 CA PRO  32.537 -31.064  22.866   1.000
  101 101 CA PRO  35.451 -28.704  23.682   1.000
  102 102 CA PHE  36.103 -30.216  20.221   1.000
  103 103 CA THR  39.832 -29.653  20.991   1.000
  104 104 CA HIS  38.479 -28.866  24.418   1.000
  105 105 CA ARG  41.436 -30.738  25.804   1.000
  106 106 CA ASN  43.255 -27.439  26.132   1.000
  107 107 CA ALA  46.129 -28.949  28.147   1.000
  108 108 CA ALA  48.169 -25.802  27.717   1.000
  109 109 CA PHE  50.593 -28.230  26.098   1.000
  110 110 CA ASN  48.350 -28.328  23.011   1.000
  111 111 CA GLN  49.976 -31.584  22.281   1.000
  112 112 CA LEU  53.379 -30.406  23.658   1.000
  113 113 CA PRO  55.287 -31.049  20.464   1.000
  114 114 CA HIS  54.501 -27.413  21.507   1.000
  115 115 CA LEU  57.089 -27.433  24.292   1.000
  116 116 CA ALA  59.883 -28.922  22.320   1.000
  117 117 CA ASN  60.894 -30.327  25.711   1.000
  118 118 CA ASN  58.339 -27.998  27.094   1.000
  119 119 CA LEU  60.539 -28.445  30.126   1.000
  120 120 CA ASN  63.100 -25.807  29.519   1.000
  121 121 CA LYS  65.823 -28.163  30.764   1.000
  122 122 CA PRO  67.959 -25.114  31.328   1.000
  123 123 CA PRO  66.181 -24.474  27.988   1.000
  124 124 CA SER  69.586 -25.683  26.965   1.000
  125 125 CA PRO  67.648 -27.477  24.306   1.000
  126 126 CA TRP  66.178 -24.048  24.480   1.000
  127 127 CA SER  66.463 -23.717  20.672   1.000
  128 128 CA SER  68.431 -20.561  21.269   1.000
  129 129 CA TYR  65.181 -18.976  20.276   1.000
  130 130 CA GLN  66.648 -18.812  16.841   1.000
  131 131 CA SER  67.947 -15.424  17.654   1.000
  132 132 CA PRO  69.196 -15.307  14.102   1.000
  133 133 CA SER  71.965 -16.514  16.442   1.000
  134 134 CA PRO  74.126 -17.629  13.480   1.000
  135 135 CA THR  71.386 -16.453  11.274   1.000
  136 136 CA PRO  72.764 -18.843   8.705   1.000
  137 137 CA SER  75.683 -16.532   8.099   1.000
  138 138 CA SER  75.204 -17.143   4.378   1.000
  139 139 CA SER  73.081 -14.001   4.371   1.000
  140 140 CA TRP  73.528 -12.297   1.105   1.000
  141 141 CA SER  74.551  -8.910   2.376   1.000
  142 142 CA PRO  72.243  -8.942   5.456   1.000
  143 143 CA GLY  72.642  -5.262   4.550   1.000
  144 144 CA GLY  68.898  -5.030   5.107   1.000
  145 145 CA GLY  69.302  -5.849   8.752   1.000
  146 146 CA GLY  65.776  -4.736   9.398   1.000
  147 147 CA TYR  66.543  -4.286  13.041   1.000
  148 148 CA GLY  63.366  -6.318  13.205   1.000
  149 149 CA GLY  63.997  -7.306  16.835   1.000
  150 150 CA TRP  65.507  -3.940  17.743   1.000
  151 151 CA GLY  68.733  -5.801  18.441   1.000
  152 152 CA GLY  69.426  -2.459  19.849   1.000
  153 153 CA SER  70.311  -1.344  16.397   1.000
  154 154 CA GLN  69.742   2.000  17.945   1.000
  155 155 CA GLY  67.178   3.111  15.329   1.000
  156 156 CA ARG  68.950   2.251  12.121   1.000
  157 157 CA ASP  65.247   1.570  11.592   1.000
  158 158 CA HIS  64.608   1.647  15.323   1.000
  159 159 CA ARG  61.293   2.319  13.614   1.000
  160 160 CA ARG  59.158  -0.623  14.618   1.000
  161 161 CA CYS  56.383   1.924  14.500   1.000
    1  -1.023  -0.468  -0.130
    2   0.178   0.234   0.730
    3   0.409   0.494  -0.193
    4  -1.324   0.481  -0.723
    5  -1.142   0.342   0.062
    6   1.094  -0.104   0.269
    7   0.308  -1.312   0.307
    8   0.722   0.611  -0.570
    9   0.419  -0.264   0.013
   10   0.206  -0.523  -0.764
   11   0.633  -0.551  -0.685
   12   0.145  -0.324   0.499
   13   0.169  -0.285   0.550
   14   0.123  -0.862  -0.534
   15   0.409   0.642   0.567
   16   0.691   0.034   0.321
   17  -0.462   0.398  -1.182
   18  -0.064   1.427   0.087
   19  -0.067  -0.158  -0.564
   20  -0.173   0.343  -0.738
   21  -0.436  -0.193   0.138
   22   0.043  -0.192   0.429
   23   0.484   0.644  -0.802
   24  -0.768  -0.520  -1.493
   25  -0.258  -0.675   0.415
   26   0.799   1.304  -1.099
   27   1.685  -0.331  -0.377
   28   0.548   0.519  -0.685
   29  -0.274   0.706  -0.464
   30   0.212   0.087  -0.129
   31  -0.093  -1.326  -0.185
   32   0.675  -1.145   1.344
   33   0.540  -0.134  -0.376
   34  -0.016   1.781  -0.239
   35  -0.828  -0.922  -0.425
   36  -1.052   0.143   0.216
   37  -0.765   0.883  -0.495
   38   0.866   1.171   0.705
   39  -0.306  -0.765   0.374
   40  -0.602   1.330   0.998
   41   0.729   0.744   0.880
   42  -0.232   1.430  -0.623
   43  -0.386   0.879  -0.445
   44   0.131   1.369   1.895
   45  -0.491   0.623   0.635
   46   0.427  -0.865   0.109
   47   0.663  -0.277  -0.473
   48   0.908   0.175   0.955
   49   0.811   0.356   0.901
   50   0.710  -0.211  -1.135
   51  -0.450   0.412   0.066
   52   0.819  -0.076   1.785
   53   0.252  -0.467  -0.922
   54  -1.457  -0.934   0.622
   55   1.299   0.425  -1.824
   56  -0.409   0.433  -0.505
   57   0.357   1.548  -0.134
   58  -0.375  -0.618   0.207
   59   0.160   1.464  -0.754
   60   0.830  -0.328  -0.159
   61  -0.024   0.232  -0.998
   62  -0.254  -0.244   0.555
   63   0.765  -0.176   0.629
   64  -0.494   0.381  -0.239
   65   0.423  -0.387  -1.687
   66  -0.518   0.365  -0.280
   67   1.003   0.123   0.173
   68   1.350   0.307   0.081
   69   0.195   0.212   0.432
   70  -0.885  -0.442  -0.547
   71   0.493  -0.268  -0.172
   72   0.052   0.074   2.693
   73   0.212   0.153  -0.703
   74  -0.941  -0.171   0.864
   75  -0.315   1.230   0.859
   76   0.734  -0.541   1.209
   77   0.851  -0.084   0.989
   78   0.739  -0.572   0.264
   79  -0.999   0.221  -0.013
   80   1.114  -0.869  -0.186
   81   0.233  -0.499   0.076
   82  -0.134  -0.387   0.829
   83  -0.697   1.386   0.356
   84  -0.115  -0.667  -0.944
   85  -0.671  -1.365  -0.217
   86  -0.708   0.391  -1.621
   87  -1.310  -0.639  -0.004
   88   0.819   0.695  -0.035
   89  -0.356   0.097  -0.217
   90  -1.131  -0.159   0.559
   91  -0.379   0.671  -1.772
   92   0.795  -0.433   0.169
   93   0.407   0.652  -0.703
   94   0.274  -0.487   0.520
   95  -0.473   0.123   0.143
   96  -1.009   0.444   0.249
   97  -0.152  -0.351  -0.407
   98  -0.748   0.982   0.218
   99   0.181  -0.012  -0.083
  100  -1.088  -0.699  -0.401
  101  -0.650  -0.369  -0.444
  102   0.022   0.012  -0.113
  103  -0.540   0.326  -0.469
  104  -0.198  -0.149   0.018
  105  -1.307   0.443  -0.491
  106  -0.641  -0.688   0.565
  107   0.154  -1.419   0.365
  108   0.512  -1.581   1.193
  109   0.215  -0.767  -0.059
  110  -1.616  -0.746   1.171
  111  -0.592  -0.830  -1.716
  112  -1.829  -0.692   1.010
  113  -0.001   0.239  -0.334
  114  -0.575   0.320  -0.609
  115  -1.720   0.498   0.489
  116  -0.939  -0.321   0.488
  117   1.332   0.334   1.974
  118   0.192   1.522   0.247
  119  -0.313  -1.302  -0.260
  120  -0.580   0.010  -0.516
  121   0.924   1.283   1.253
  122   0.471   0.585  -0.201
  123  -0.480  -1.760   0.631
  124   0.989  -0.345  -0.349
  125   0.059   0.267   0.384
  126  -0.432  -0.887   1.039
  127  -0.377  -1.125   1.005
  128   1.209  -1.457   1.393
  129  -0.037   0.551  -0.116
  130   0.428  -0.337   0.928
  131  -0.620  -0.431   0.193
  132   0.008   0.624   0.316
  133   0.008  -0.408   0.025
  134   0.951  -0.025   0.403
  135  -0.056  -0.348   1.068
  136  -0.056  -2.097   0.129
  137   0.498   0.199   0.490
  138   0.975  -0.263   0.188
  139   0.618  -0.183   0.146
  140   1.179  -0.833   0.940
  141   0.239   0.093   0.357
  142  -0.064   1.011   0.122
  143  -0.682  -0.126  -0.456
  144  -0.060  -0.315   0.025
  145  -2.077   0.143  -0.958
  146   0.308  -0.559   0.596
  147   0.674  -0.608  -0.193
  148  -0.615   0.298   0.590
  149  -1.658  -0.888   0.351
  150   0.434   0.273  -0.787
  151   0.085  -0.579  -0.458
  152  -0.650  -0.224   1.275
  153  -1.156   0.107  -0.116
  154   0.683  -0.203  -0.204
  155   1.051   0.493   0.191
  156  -0.168   0.916  -0.185
  157  -0.248   0.285  -0.380
  158   0.266  -0.854   0.357
  159   0.523  -0.040   0.038
  160   0.858  -1.041   0.275
  161   1.460  -0.528   0.586
           1
         161
