  # There has been       50000 steps
 # The current temp is  0.562922776    
 # Number of atoms
         161
 # X(i)Y(i)Z(i)
    1   1 CA GLY -14.462 -43.496  98.077   1.000
    2   2 CA PRO -14.159 -40.028  96.420   1.000
    3   3 CA CYS -13.439 -42.733  93.857   1.000
    4   4 CA SER -10.758 -44.178  96.138   1.000
    5   5 CA SER  -8.211 -43.096  93.593   1.000
    6   6 CA LEU -10.274 -44.903  90.923   1.000
    7   7 CA THR  -8.040 -47.960  90.847   1.000
    8   8 CA GLY  -6.520 -45.798  88.024   1.000
    9   9 CA PHE  -7.223 -48.545  85.438   1.000
   10  10 CA SER  -9.329 -46.116  83.447   1.000
   11  11 CA ASN -11.778 -48.913  82.624   1.000
   12  12 CA TRP  -9.667 -51.841  83.998   1.000
   13  13 CA SER -12.730 -53.916  84.522   1.000
   14  14 CA ALA -12.729 -56.632  81.793   1.000
   15  15 CA ALA -13.866 -59.024  84.457   1.000
   16  16 CA ILE -11.021 -61.535  84.017   1.000
   17  17 CA ALA  -9.570 -59.574  86.809   1.000
   18  18 CA PRO  -6.821 -58.451  84.410   1.000
   19  19 CA SER  -4.685 -58.661  87.497   1.000
   20  20 CA SER  -4.687 -54.876  87.370   1.000
   21  21 CA SER  -4.275 -55.158  83.704   1.000
   22  22 CA THR  -2.307 -51.899  83.754   1.000
   23  23 CA ILE  -1.385 -52.501  80.231   1.000
   24  24 CA ILE  -4.461 -50.295  79.719   1.000
   25  25 CA ASN  -6.915 -53.114  79.261   1.000
   26  26 CA GLU  -9.776 -51.201  77.670   1.000
   27  27 CA ASP -11.056 -54.174  75.594   1.000
   28  28 CA ALA -13.966 -52.321  74.208   1.000
   29  29 CA SER -15.993 -55.435  74.262   1.000
   30  30 CA PHE -13.377 -58.162  74.540   1.000
   31  31 CA PHE -11.930 -57.399  71.078   1.000
   32  32 CA HIS  -8.270 -58.390  71.359   1.000
   33  33 CA GLN  -7.297 -56.277  68.421   1.000
   34  34 CA GLY  -9.474 -53.660  69.876   1.000
   35  35 CA GLY  -7.341 -51.308  67.958   1.000
   36  36 CA VAL -10.258 -51.373  65.597   1.000
   37  37 CA PRO  -8.662 -49.394  62.881   1.000
   38  38 CA ALA  -9.297 -52.260  60.510   1.000
   39  39 CA ALA  -8.530 -50.062  57.579   1.000
   40  40 CA SER  -5.503 -48.704  59.306   1.000
   41  41 CA ALA  -5.339 -47.657  55.726   1.000
   42  42 CA ASN  -4.494 -44.094  56.616   1.000
   43  43 CA ASN  -8.121 -43.689  57.453   1.000
   44  44 CA GLY  -8.564 -44.400  53.699   1.000
   45  45 CA ALA -11.370 -41.962  52.857   1.000
   46  46 CA LEU -12.895 -44.452  50.460   1.000
   47  47 CA LEU -12.605 -41.758  47.828   1.000
   48  48 CA PHE -16.067 -40.313  47.878   1.000
   49  49 CA GLN -16.251 -38.306  51.081   1.000
   50  50 CA ASN -16.364 -35.003  49.215   1.000
   51  51 CA PHE -14.588 -36.345  46.187   1.000
   52  52 CA PRO -17.678 -35.825  43.983   1.000
   53  53 CA HIS -16.026 -32.421  44.317   1.000
   54  54 CA HIS -12.857 -34.493  44.260   1.000
   55  55 CA VAL -10.736 -31.745  45.853   1.000
   56  56 CA SER  -8.617 -34.522  47.133   1.000
   57  57 CA PRO  -6.067 -31.820  47.856   1.000
   58  58 CA GLY  -3.689 -34.640  47.913   1.000
   59  59 CA PHE  -0.739 -32.401  48.872   1.000
   60  60 CA GLY  -0.138 -31.438  45.254   1.000
   61  61 CA GLY   2.523 -29.311  46.888   1.000
   62  62 CA SER   4.778 -29.924  43.956   1.000
   63  63 CA PHE   1.591 -31.341  42.517   1.000
   64  64 CA SER   3.374 -33.707  40.112   1.000
   65  65 CA PRO   5.766 -35.592  42.372   1.000
   66  66 CA GLN   5.693 -37.751  39.166   1.000
   67  67 CA ILE   7.427 -35.100  37.062   1.000
   68  68 CA GLY   7.255 -36.680  33.630   1.000
   69  69 CA PRO   9.598 -33.886  32.494   1.000
   70  70 CA LEU   6.932 -34.450  29.829   1.000
   71  71 CA SER   9.944 -34.155  27.603   1.000
   72  72 CA GLN  11.122 -30.823  28.894   1.000
   73  73 CA HIS  14.087 -30.231  26.544   1.000
   74  74 CA HIS  12.037 -30.702  23.383   1.000
   75  75 CA PRO  14.632 -28.352  21.859   1.000
   76  76 CA HIS  11.579 -26.295  21.154   1.000
   77  77 CA HIS  11.021 -25.525  24.788   1.000
   78  78 CA PRO   7.351 -26.544  25.031   1.000
   79  79 CA HIS   8.356 -24.130  27.850   1.000
   80  80 CA PHE  11.911 -24.918  27.036   1.000
   81  81 CA GLN  12.585 -21.761  28.856   1.000
   82  82 CA HIS  16.073 -23.201  29.107   1.000
   83  83 CA HIS  15.153 -23.518  32.738   1.000
   84  84 CA HIS  15.138 -27.226  32.286   1.000
   85  85 CA SER  18.479 -27.416  34.036   1.000
   86  86 CA GLN  19.524 -27.464  30.383   1.000
   87  87 CA HIS  21.810 -24.567  30.979   1.000
   88  88 CA GLN  23.505 -24.793  27.730   1.000
   89  89 CA GLN  26.749 -23.262  28.988   1.000
   90  90 CA GLN  25.149 -19.880  28.645   1.000
   91  91 CA ARG  26.779 -18.097  31.471   1.000
   92  92 CA ARG  29.814 -17.522  29.259   1.000
   93  93 CA SER  31.130 -17.705  32.725   1.000
   94  94 CA PRO  29.980 -14.124  33.608   1.000
   95  95 CA ALA  31.564 -15.742  36.722   1.000
   96  96 CA SER  34.317 -13.465  35.555   1.000
   97  97 CA PRO  37.012 -15.462  37.446   1.000
   98  98 CA HIS  34.192 -14.678  39.797   1.000
   99  99 CA PRO  36.689 -15.007  42.622   1.000
  100 100 CA PRO  38.943 -14.993  39.572   1.000
  101 101 CA PRO  41.528 -14.810  42.397   1.000
  102 102 CA PHE  38.626 -16.937  43.836   1.000
  103 103 CA THR  41.025 -19.167  45.783   1.000
  104 104 CA HIS  41.360 -21.360  42.836   1.000
  105 105 CA ARG  43.508 -23.742  44.925   1.000
  106 106 CA ASN  40.081 -25.388  45.175   1.000
  107 107 CA ALA  41.596 -26.482  48.399   1.000
  108 108 CA ALA  38.669 -28.803  48.906   1.000
  109 109 CA PHE  39.566 -29.375  45.275   1.000
  110 110 CA ASN  43.299 -29.886  46.079   1.000
  111 111 CA GLN  42.821 -32.507  43.435   1.000
  112 112 CA LEU  45.637 -30.962  41.383   1.000
  113 113 CA PRO  47.925 -32.974  43.704   1.000
  114 114 CA HIS  47.872 -34.413  40.157   1.000
  115 115 CA LEU  51.526 -33.597  39.570   1.000
  116 116 CA ALA  50.791 -32.056  36.261   1.000
  117 117 CA ASN  52.201 -35.133  34.889   1.000
  118 118 CA ASN  48.531 -36.004  34.592   1.000
  119 119 CA LEU  48.291 -33.600  31.764   1.000
  120 120 CA ASN  51.706 -34.511  30.522   1.000
  121 121 CA LYS  52.660 -30.863  30.185   1.000
  122 122 CA PRO  52.672 -30.552  26.349   1.000
  123 123 CA PRO  56.079 -29.187  27.261   1.000
  124 124 CA SER  53.724 -26.268  27.745   1.000
  125 125 CA PRO  52.139 -27.412  24.468   1.000
  126 126 CA TRP  50.169 -24.279  25.060   1.000
  127 127 CA SER  46.954 -26.109  24.313   1.000
  128 128 CA SER  48.095 -25.807  20.717   1.000
  129 129 CA TYR  46.547 -22.432  20.686   1.000
  130 130 CA GLN  48.876 -21.612  17.836   1.000
  131 131 CA SER  51.499 -20.055  19.957   1.000
  132 132 CA PRO  50.047 -16.505  19.551   1.000
  133 133 CA SER  53.705 -16.214  18.328   1.000
  134 134 CA PRO  52.959 -12.568  17.322   1.000
  135 135 CA THR  54.160 -14.734  14.376   1.000
  136 136 CA PRO  56.562 -16.372  17.015   1.000
  137 137 CA SER  58.885 -13.474  16.431   1.000
  138 138 CA SER  62.062 -15.427  16.000   1.000
  139 139 CA SER  62.663 -13.046  13.165   1.000
  140 140 CA TRP  62.780 -16.237  11.187   1.000
  141 141 CA SER  64.124 -14.890   7.912   1.000
  142 142 CA PRO  64.224 -18.250   6.267   1.000
  143 143 CA GLY  62.202 -16.337   3.758   1.000
  144 144 CA GLY  65.155 -16.115   1.421   1.000
  145 145 CA GLY  63.842 -12.638   0.840   1.000
  146 146 CA GLY  63.721 -11.589   4.506   1.000
  147 147 CA TYR  67.340 -10.596   4.562   1.000
  148 148 CA GLY  66.494  -7.459   2.560   1.000
  149 149 CA GLY  67.740  -5.538   5.607   1.000
  150 150 CA TRP  64.905  -3.037   5.072   1.000
  151 151 CA GLY  67.331  -0.168   5.165   1.000
  152 152 CA GLY  65.250   1.001   8.155   1.000
  153 153 CA SER  61.986   1.031   6.246   1.000
  154 154 CA GLN  59.514   1.128   9.168   1.000
  155 155 CA GLY  61.809   3.363  11.046   1.000
  156 156 CA ARG  62.049   0.522  13.583   1.000
  157 157 CA ASP  59.381  -1.257  11.609   1.000
  158 158 CA HIS  61.204  -4.560  11.667   1.000
  159 159 CA ARG  58.669  -5.506   8.959   1.000
  160 160 CA ARG  58.488  -8.970  10.512   1.000
  161 161 CA CYS  56.863  -7.396  13.474   1.000
    1   0.365  -1.526  -0.943
    2  -0.359  -0.490   0.094
    3  -0.024  -0.925  -0.093
    4   0.458  -0.858  -0.529
    5  -1.257   0.885  -0.326
    6   0.422  -0.684  -0.453
    7  -0.510   0.227   0.240
    8   0.005  -0.437   0.150
    9   0.787  -1.085   0.803
   10  -0.175  -0.791  -0.813
   11   0.083   0.326   0.811
   12  -0.277   0.562   0.265
   13   1.113  -1.135   0.207
   14   1.172   0.549   0.778
   15  -1.145   0.512   0.084
   16  -0.426   0.247  -0.327
   17   2.099  -0.371  -0.033
   18   0.127  -0.280   0.045
   19   0.320  -0.541   0.274
   20   1.366   0.162  -1.259
   21  -0.016  -0.128  -0.959
   22   1.308  -1.400  -1.116
   23  -0.500  -0.467   1.002
   24   0.147  -0.045   1.040
   25   1.236   1.333  -0.985
   26  -1.053   0.112  -0.259
   27  -0.368   0.882   0.548
   28  -0.224  -0.763   0.327
   29  -0.143  -0.524   0.544
   30  -1.219  -0.280   0.520
   31   1.497  -1.000  -0.089
   32  -1.193  -0.315   0.621
   33   1.637  -1.320   0.382
   34   1.798  -0.774   0.209
   35  -1.048  -0.671   0.609
   36   1.085   0.607   0.073
   37  -0.268   0.111  -2.007
   38  -0.793  -0.117  -0.154
   39   0.158  -0.331  -0.501
   40   0.520  -0.905  -0.025
   41   1.249   0.307   1.206
   42  -0.350   0.735   1.487
   43   0.615  -1.436  -0.080
   44   1.041   0.151   0.338
   45  -0.709  -0.333   0.084
   46   0.413  -0.406  -1.390
   47   1.026  -0.065   1.333
   48   0.868   0.545   1.077
   49   0.299   0.566   1.233
   50   0.630   1.017   1.134
   51   0.917   0.727  -0.375
   52   0.326  -0.045  -0.393
   53   0.099   0.347  -0.812
   54  -0.820   1.026   0.647
   55  -0.262   1.242  -0.016
   56   0.649   0.496  -1.111
   57   0.566   0.600   0.653
   58  -1.090   0.610   0.525
   59  -0.699   0.292  -0.865
   60   0.242   0.701   0.149
   61   0.433  -0.181  -0.235
   62  -0.172  -0.233  -0.949
   63   0.460   1.476   1.149
   64   0.747   0.714   0.125
   65  -0.364  -0.215  -1.071
   66   0.001  -0.233  -1.469
   67   0.912  -1.102  -0.077
   68   0.181   0.006  -1.289
   69  -0.461  -0.144   0.950
   70  -0.091  -1.457   0.884
   71  -0.222  -0.948  -0.785
   72   0.853  -0.907  -0.806
   73  -0.226   0.756  -0.594
   74  -0.832  -0.922   0.689
   75  -0.510   0.642   0.343
   76  -0.232  -0.759  -0.159
   77  -0.209   0.119   1.195
   78  -0.163  -1.092   0.423
   79  -0.013  -1.839   1.080
   80  -0.967   0.167  -0.212
   81  -0.403   0.826  -0.699
   82   0.017  -0.586  -0.374
   83  -0.098   0.463   0.506
   84  -0.818  -0.759  -0.787
   85   0.735  -0.178   1.033
   86   0.845   0.328  -0.719
   87  -0.593  -0.760   0.805
   88   0.074   0.615  -0.827
   89  -1.053   0.606   0.614
   90  -0.845   0.589  -0.264
   91  -0.731  -1.659   0.795
   92   1.254  -0.284   0.493
   93  -0.956   0.024  -0.398
   94  -1.245   0.110   1.201
   95   0.807  -1.287  -0.063
   96  -1.049   0.331   0.673
   97   0.712   0.905   1.907
   98   1.201   1.445   0.407
   99   0.544   0.237  -0.029
  100  -0.463   0.748  -0.203
  101   0.117   0.654   0.704
  102  -0.424  -0.055  -0.134
  103  -0.422  -0.382  -0.220
  104  -0.218  -0.137   0.366
  105   0.352  -0.258   1.167
  106  -0.052   1.353   0.547
  107   0.473   0.298   0.793
  108   0.503  -0.290  -0.338
  109   0.066  -0.018  -0.198
  110  -0.626  -0.233   0.189
  111  -0.756  -0.742  -0.546
  112  -0.646  -0.649   0.545
  113  -1.152   0.076  -0.806
  114   0.386  -0.332   0.722
  115  -1.339   0.811  -0.117
  116   1.638   1.472   0.478
  117  -1.229  -0.099   0.997
  118   0.460   0.100   1.460
  119   0.253  -0.011   0.513
  120   0.892  -0.428   0.819
  121  -1.075  -0.235   0.350
  122  -1.256   0.112   0.684
  123  -0.984   0.153  -0.545
  124   0.185  -0.509  -0.238
  125   0.035   0.875  -0.877
  126  -0.125   1.222  -0.094
  127  -1.251   0.262  -0.629
  128  -1.222   0.801  -0.121
  129   1.026   0.935  -0.629
  130   1.045   0.061  -1.072
  131   0.309  -0.233  -0.795
  132   0.962   0.112  -0.060
  133   0.964  -0.260   0.555
  134   0.357  -0.007  -0.812
  135  -0.442  -0.450  -0.061
  136  -0.752   0.567  -0.219
  137   0.228  -0.484  -0.175
  138   1.497  -0.913   0.657
  139   0.474  -1.184   0.293
  140  -0.062  -0.500  -0.171
  141   0.177  -0.988   0.351
  142  -0.775   0.264  -0.396
  143  -0.903  -0.756  -0.205
  144  -0.205   0.302  -0.392
  145  -1.302   0.611   1.706
  146  -0.880  -0.204  -0.752
  147   0.566  -0.192   0.573
  148  -0.715  -0.072   1.537
  149   1.517  -0.760   0.984
  150   0.243   1.987  -0.421
  151   0.228  -0.086   0.125
  152  -0.101  -0.953  -0.466
  153  -0.966  -1.258   0.276
  154   0.019   0.223   1.546
  155   0.253  -0.020   1.327
  156   1.517   0.407   0.311
  157   0.529  -0.457   0.123
  158   0.699  -0.581   0.471
  159   1.036   0.015  -0.016
  160  -0.053  -0.857  -0.318
  161  -0.690   0.015  -0.202
           1
         161
