  # There has been       50000 steps
 # The current temp is  0.503170967    
 # Number of atoms
         161
 # X(i)Y(i)Z(i)
    1   1 CA GLY -26.880 -35.155  61.657   1.000
    2   2 CA PRO -27.585 -32.493  59.164   1.000
    3   3 CA CYS -30.937 -32.927  61.111   1.000
    4   4 CA SER -29.349 -32.625  64.514   1.000
    5   5 CA SER -32.695 -32.202  66.195   1.000
    6   6 CA LEU -33.915 -30.005  63.388   1.000
    7   7 CA THR -36.968 -28.965  65.290   1.000
    8   8 CA GLY -39.296 -29.644  62.320   1.000
    9   9 CA PHE -38.137 -26.217  61.316   1.000
   10  10 CA SER -37.983 -27.305  57.720   1.000
   11  11 CA ASN -34.896 -25.309  57.143   1.000
   12  12 CA TRP -34.043 -27.459  54.086   1.000
   13  13 CA SER -34.274 -30.764  55.785   1.000
   14  14 CA ALA -31.546 -31.311  53.140   1.000
   15  15 CA ALA -33.152 -34.433  51.749   1.000
   16  16 CA ILE -30.948 -36.608  53.888   1.000
   17  17 CA ALA -28.094 -36.850  51.309   1.000
   18  18 CA PRO -29.691 -38.863  48.485   1.000
   19  19 CA SER -25.834 -39.272  48.565   1.000
   20  20 CA SER -25.038 -36.971  45.551   1.000
   21  21 CA SER -21.510 -38.129  44.774   1.000
   22  22 CA THR -22.718 -41.436  43.317   1.000
   23  23 CA ILE -23.706 -40.276  39.868   1.000
   24  24 CA ILE -21.065 -42.471  38.329   1.000
   25  25 CA ASN -23.787 -45.029  37.601   1.000
   26  26 CA GLU -22.612 -45.054  33.947   1.000
   27  27 CA ASP -26.334 -44.637  33.229   1.000
   28  28 CA ALA -25.881 -48.196  31.900   1.000
   29  29 CA SER -24.096 -47.203  28.774   1.000
   30  30 CA PHE -25.321 -43.613  28.716   1.000
   31  31 CA PHE -21.733 -42.381  28.456   1.000
   32  32 CA HIS -22.529 -38.806  29.341   1.000
   33  33 CA GLN -21.907 -37.540  25.846   1.000
   34  34 CA GLY -18.683 -35.610  26.253   1.000
   35  35 CA GLY -17.043 -36.722  22.988   1.000
   36  36 CA VAL -14.728 -33.758  23.131   1.000
   37  37 CA PRO -14.245 -33.109  19.424   1.000
   38  38 CA ALA -15.391 -36.634  20.163   1.000
   39  39 CA ALA -12.390 -38.809  19.213   1.000
   40  40 CA SER -12.690 -41.536  21.718   1.000
   41  41 CA ALA  -9.176 -42.777  21.540   1.000
   42  42 CA ASN  -9.835 -44.234  18.187   1.000
   43  43 CA ASN  -6.437 -43.374  16.647   1.000
   44  44 CA GLY  -8.074 -45.375  13.864   1.000
   45  45 CA ALA  -9.574 -41.935  13.281   1.000
   46  46 CA LEU  -9.472 -42.925   9.696   1.000
   47  47 CA LEU -12.228 -40.523   9.147   1.000
   48  48 CA PHE  -9.578 -38.241   7.706   1.000
   49  49 CA GLN  -6.693 -40.634   7.310   1.000
   50  50 CA ASN  -4.246 -37.807   6.535   1.000
   51  51 CA PHE  -1.122 -39.611   7.490   1.000
   52  52 CA PRO  -0.946 -37.994  10.871   1.000
   53  53 CA HIS  -1.709 -41.570  11.781   1.000
   54  54 CA HIS  -1.258 -42.036   8.075   1.000
   55  55 CA VAL  -0.458 -45.528   9.232   1.000
   56  56 CA SER  -4.246 -45.958   8.857   1.000
   57  57 CA PRO  -3.087 -49.084   6.946   1.000
   58  58 CA GLY  -6.458 -49.105   5.087   1.000
   59  59 CA PHE  -5.684 -45.411   4.349   1.000
   60  60 CA GLY  -6.289 -45.635   0.585   1.000
   61  61 CA GLY  -2.643 -45.343  -0.288   1.000
   62  62 CA SER  -3.138 -41.806   0.931   1.000
   63  63 CA PHE  -6.344 -41.365  -0.997   1.000
   64  64 CA SER  -4.669 -41.573  -4.384   1.000
   65  65 CA PRO  -4.420 -37.854  -5.175   1.000
   66  66 CA GLN  -8.162 -38.512  -4.822   1.000
   67  67 CA ILE  -8.844 -35.246  -2.949   1.000
   68  68 CA GLY  -5.992 -34.164  -5.236   1.000
   69  69 CA PRO  -5.785 -30.614  -3.636   1.000
   70  70 CA LEU  -6.268 -29.722  -7.382   1.000
   71  71 CA SER  -4.827 -26.495  -6.099   1.000
   72  72 CA GLN  -1.310 -27.658  -6.886   1.000
   73  73 CA HIS  -1.309 -24.379  -8.848   1.000
   74  74 CA HIS  -3.321 -23.282  -5.825   1.000
   75  75 CA PRO  -5.011 -20.328  -7.717   1.000
   76  76 CA HIS  -1.903 -18.601  -6.198   1.000
   77  77 CA HIS  -1.009 -21.341  -3.678   1.000
   78  78 CA PRO   0.036 -18.858  -0.994   1.000
   79  79 CA HIS   3.388 -19.184  -2.669   1.000
   80  80 CA PHE   2.578 -22.068  -4.981   1.000
   81  81 CA GLN   3.642 -19.804  -7.702   1.000
   82  82 CA HIS   4.527 -22.746  -9.717   1.000
   83  83 CA HIS   6.441 -23.450  -6.529   1.000
   84  84 CA HIS   7.615 -26.644  -8.153   1.000
   85  85 CA SER   9.013 -25.290 -11.381   1.000
   86  86 CA GLN  10.496 -22.457  -9.312   1.000
   87  87 CA HIS   9.341 -19.834 -11.723   1.000
   88  88 CA GLN   9.077 -17.868  -8.430   1.000
   89  89 CA GLN  11.707 -19.787  -6.526   1.000
   90  90 CA GLN  14.773 -18.389  -8.312   1.000
   91  91 CA ARG  17.318 -19.807  -5.900   1.000
   92  92 CA ARG  15.239 -18.465  -3.019   1.000
   93  93 CA SER  17.264 -21.299  -1.187   1.000
   94  94 CA PRO  18.890 -19.018   1.386   1.000
   95  95 CA ALA  21.344 -21.880   0.465   1.000
   96  96 CA SER  21.905 -22.714   4.109   1.000
   97  97 CA PRO  25.105 -24.457   2.743   1.000
   98  98 CA HIS  24.318 -21.770   0.194   1.000
   99  99 CA PRO  26.906 -23.162  -2.383   1.000
  100 100 CA PRO  25.248 -20.063  -3.776   1.000
  101 101 CA PRO  28.946 -20.510  -2.891   1.000
  102 102 CA PHE  28.360 -21.128  -6.569   1.000
  103 103 CA THR  31.703 -19.531  -7.182   1.000
  104 104 CA HIS  32.665 -21.296 -10.410   1.000
  105 105 CA ARG  36.014 -19.750 -10.179   1.000
  106 106 CA ASN  36.485 -19.592 -13.863   1.000
  107 107 CA ALA  40.069 -18.393 -13.809   1.000
  108 108 CA ALA  41.286 -21.601 -15.467   1.000
  109 109 CA PHE  37.867 -23.082 -14.814   1.000
  110 110 CA ASN  38.987 -24.295 -11.328   1.000
  111 111 CA GLN  35.659 -26.019 -10.898   1.000
  112 112 CA LEU  37.061 -28.862  -8.786   1.000
  113 113 CA PRO  33.740 -30.622  -9.322   1.000
  114 114 CA HIS  36.213 -31.939 -11.925   1.000
  115 115 CA LEU  33.591 -31.900 -14.694   1.000
  116 116 CA ALA  35.878 -34.308 -16.648   1.000
  117 117 CA ASN  37.940 -31.515 -18.302   1.000
  118 118 CA ASN  39.820 -33.721 -20.707   1.000
  119 119 CA LEU  42.435 -33.856 -18.001   1.000
  120 120 CA ASN  44.856 -36.576 -19.353   1.000
  121 121 CA LYS  46.913 -33.994 -21.223   1.000
  122 122 CA PRO  49.806 -35.541 -19.397   1.000
  123 123 CA PRO  50.517 -32.000 -18.104   1.000
  124 124 CA SER  53.717 -32.560 -20.148   1.000
  125 125 CA PRO  55.106 -28.980 -19.592   1.000
  126 126 CA TRP  51.768 -28.433 -21.400   1.000
  127 127 CA SER  51.936 -24.657 -22.035   1.000
  128 128 CA SER  49.235 -24.548 -24.627   1.000
  129 129 CA TYR  50.676 -21.607 -26.534   1.000
  130 130 CA GLN  52.261 -23.859 -29.062   1.000
  131 131 CA SER  53.785 -20.475 -29.982   1.000
  132 132 CA PRO  52.324 -20.940 -33.425   1.000
  133 133 CA SER  50.730 -18.314 -31.172   1.000
  134 134 CA PRO  47.957 -18.967 -33.709   1.000
  135 135 CA THR  46.626 -20.146 -30.357   1.000
  136 136 CA PRO  43.699 -22.414 -31.215   1.000
  137 137 CA SER  42.085 -19.196 -29.835   1.000
  138 138 CA SER  44.177 -18.895 -26.746   1.000
  139 139 CA SER  42.560 -15.587 -25.819   1.000
  140 140 CA TRP  45.535 -14.967 -23.477   1.000
  141 141 CA SER  45.748 -11.548 -25.096   1.000
  142 142 CA PRO  43.683 -10.272 -22.129   1.000
  143 143 CA GLY  44.328  -6.725 -23.299   1.000
  144 144 CA GLY  47.920  -7.657 -23.783   1.000
  145 145 CA GLY  49.277  -4.867 -21.594   1.000
  146 146 CA GLY  52.488  -4.794 -23.621   1.000
  147 147 CA TYR  52.546  -0.987 -23.384   1.000
  148 148 CA GLY  52.357  -1.650 -27.083   1.000
  149 149 CA GLY  52.909   2.021 -27.697   1.000
  150 150 CA TRP  51.488   1.428 -31.184   1.000
  151 151 CA GLY  52.048  -2.297 -30.865   1.000
  152 152 CA GLY  53.023  -2.311 -34.504   1.000
  153 153 CA SER  53.640   1.366 -34.650   1.000
  154 154 CA GLN  57.250   1.089 -33.514   1.000
  155 155 CA GLY  57.389   4.679 -34.763   1.000
  156 156 CA ARG  56.786   6.371 -31.453   1.000
  157 157 CA ASP  53.415   7.454 -32.916   1.000
  158 158 CA HIS  53.197  10.339 -30.422   1.000
  159 159 CA ARG  50.774   8.592 -28.044   1.000
  160 160 CA ARG  51.714  10.710 -25.145   1.000
  161 161 CA CYS  54.744   8.463 -24.872   1.000
    1   0.041  -0.594  -0.312
    2  -0.144   0.961   0.100
    3   1.503  -0.148   1.459
    4   0.096   0.706  -0.651
    5  -0.734   0.178  -0.754
    6  -0.442  -0.861  -0.777
    7  -0.502  -0.890   1.155
    8  -0.306   0.071  -0.821
    9   0.639   0.188  -0.051
   10  -0.373   0.075  -0.149
   11   1.204  -1.108   0.244
   12  -0.003  -0.484  -0.076
   13   0.631   0.453  -0.410
   14  -1.051  -0.151  -1.282
   15   0.715  -0.595  -0.947
   16  -0.251   1.420  -0.211
   17  -1.102  -0.145   0.301
   18   0.060  -0.759  -0.584
   19  -0.645  -0.681   0.818
   20  -0.080  -0.713  -0.706
   21   1.006   0.582   0.080
   22   0.296   0.344  -0.662
   23  -0.544   0.661   0.388
   24  -0.024  -0.098  -1.135
   25  -0.191   0.278  -0.575
   26  -1.701  -0.506   0.351
   27  -0.638  -0.856  -0.777
   28   0.952  -0.075  -0.719
   29   0.268   0.177  -0.636
   30  -0.832   0.399   0.475
   31   0.103  -0.090  -0.587
   32  -0.382   0.422  -0.068
   33   0.236  -0.016   0.172
   34   0.857  -0.319  -0.812
   35   0.672  -0.028   0.086
   36  -0.481   0.192  -0.177
   37  -0.353  -0.889  -0.889
   38   0.583   0.803  -0.271
   39   0.736  -1.166   0.891
   40   0.740  -0.302   0.680
   41   0.608  -0.218  -0.840
   42   0.236  -0.685  -1.208
   43   0.448   0.157   0.457
   44  -0.285  -0.080   1.364
   45   0.236  -0.247   0.223
   46   0.327  -0.841   1.741
   47  -0.498   1.850   0.396
   48   0.314  -0.340  -0.172
   49   0.578   0.732   0.648
   50  -0.975  -0.038  -0.184
   51  -1.197   0.048  -0.184
   52  -0.434   0.159  -1.296
   53   0.933   0.589   0.230
   54  -1.022   0.015  -0.462
   55   0.901   0.581  -0.618
   56  -0.423   0.119   0.727
   57   1.052  -1.137  -0.882
   58  -0.598   0.057   1.211
   59   0.280  -0.198  -0.751
   60   0.380   0.728  -0.969
   61  -0.680   0.113  -1.037
   62  -1.478   1.022  -0.197
   63  -0.577   0.406   0.795
   64  -0.320  -0.357   0.664
   65   0.242   0.049   0.779
   66  -0.615  -0.339  -0.180
   67  -0.350  -0.739   1.011
   68  -0.645   0.122  -0.489
   69  -0.564  -0.529  -0.405
   70  -0.413   0.373  -0.012
   71   0.047  -1.396  -1.287
   72  -0.481   0.165  -0.502
   73   0.840   0.311  -0.843
   74   0.545  -0.088  -0.202
   75  -1.596   0.465  -0.375
   76  -0.116   0.687   0.865
   77  -1.394  -0.457   0.810
   78  -0.643  -0.787  -0.575
   79  -0.189  -0.061  -0.611
   80  -0.485   0.229  -0.410
   81   0.267  -0.043   1.283
   82   0.305   0.473  -1.395
   83  -0.926  -0.017  -0.229
   84  -1.402  -0.214   0.260
   85   0.809  -0.612  -0.463
   86  -0.323   1.612   0.832
   87  -0.695   0.758   0.587
   88   0.729  -0.197   0.584
   89   1.243  -0.642   0.313
   90   0.187  -0.264  -0.732
   91  -0.655  -0.973   0.420
   92  -0.097   0.497  -0.008
   93  -0.329   0.522  -0.332
   94   0.386  -1.088  -1.541
   95   0.094  -0.194   0.299
   96  -0.230   0.186   0.116
   97  -1.020   1.080   0.603
   98  -0.943   0.636  -0.809
   99   0.048   0.507  -0.218
  100   0.203  -1.354  -2.181
  101   0.384  -1.422   0.934
  102  -0.563  -0.203  -0.551
  103   1.084  -1.020   0.543
  104  -0.465   0.557   0.607
  105  -0.402   0.026   0.011
  106   0.420  -0.116  -0.105
  107  -0.606   0.429  -0.532
  108  -0.511  -0.459   0.918
  109   0.345   0.468  -0.614
  110   0.547   1.008  -0.354
  111   0.434  -0.261  -0.695
  112   0.656  -0.510  -0.589
  113  -1.008   2.040   0.555
  114   0.083  -0.767   0.009
  115   0.142   0.449   1.294
  116  -1.255   0.833  -0.192
  117  -0.319  -0.858  -1.105
  118  -0.824  -0.040  -0.832
  119  -1.107   0.001  -0.346
  120  -1.551  -0.506  -1.056
  121   0.732   0.081   0.335
  122   0.496  -0.228   1.119
  123   0.911  -0.362  -0.152
  124   0.255  -0.381   0.731
  125   0.079   1.335   1.331
  126   0.027  -0.463  -0.999
  127  -0.918   0.655   0.994
  128   0.563  -1.852   0.282
  129   1.167  -0.521   0.350
  130   0.505  -0.087  -0.279
  131  -0.739  -1.417   1.483
  132   0.067  -0.508   0.420
  133   0.487  -0.536  -0.409
  134  -1.065   1.051  -0.180
  135  -1.152  -1.517  -1.251
  136  -0.547   0.565  -0.067
  137  -0.072   0.198   0.335
  138   0.706  -0.687   0.178
  139  -0.034  -0.373   0.857
  140   0.121   0.415   0.512
  141   0.679  -0.567   0.079
  142  -0.048   0.636  -0.148
  143   0.303   0.661  -0.131
  144  -0.845   0.206  -0.849
  145  -0.298  -1.287   1.311
  146  -0.757  -0.295   1.244
  147   0.242   0.853  -0.499
  148  -0.245   0.047  -0.696
  149   0.214  -1.348  -0.639
  150   1.019   0.334  -0.052
  151  -0.147  -1.000   1.243
  152  -1.178  -1.025  -0.249
  153   0.417  -0.229   0.605
  154   0.038   0.083   0.245
  155   0.388  -0.904   0.371
  156  -0.209   1.150  -0.162
  157   0.518  -0.805  -0.264
  158   0.818   0.301   1.085
  159   0.869  -0.139  -0.688
  160   1.294   0.371  -0.770
  161  -0.805  -0.429   1.438
           1
         161
