  # There has been       50000 steps
 # The current temp is  0.591776073    
 # Number of atoms
         161
 # X(i)Y(i)Z(i)
    1   1 CA GLY -38.634 -49.439  71.794   1.000
    2   2 CA PRO -39.397 -49.855  68.079   1.000
    3   3 CA CYS -42.000 -51.667  70.195   1.000
    4   4 CA SER -39.754 -50.741  73.033   1.000
    5   5 CA SER -42.649 -50.055  75.340   1.000
    6   6 CA LEU -42.655 -53.498  76.780   1.000
    7   7 CA THR -45.536 -54.521  74.693   1.000
    8   8 CA GLY -47.251 -51.942  76.875   1.000
    9   9 CA PHE -49.298 -50.516  74.031   1.000
   10  10 CA SER -51.799 -53.389  74.333   1.000
   11  11 CA ASN -54.914 -51.247  74.094   1.000
   12  12 CA TRP -55.875 -53.240  71.081   1.000
   13  13 CA SER -52.427 -52.891  69.669   1.000
   14  14 CA ALA -53.525 -52.273  66.132   1.000
   15  15 CA ALA -50.213 -50.577  65.733   1.000
   16  16 CA ILE -50.932 -49.517  62.133   1.000
   17  17 CA ALA -47.172 -49.025  62.067   1.000
   18  18 CA PRO -47.510 -45.953  59.887   1.000
   19  19 CA SER -43.922 -45.965  58.561   1.000
   20  20 CA SER -45.220 -46.038  54.972   1.000
   21  21 CA SER -42.575 -48.562  53.856   1.000
   22  22 CA THR -40.071 -48.123  56.582   1.000
   23  23 CA ILE -37.124 -48.102  54.159   1.000
   24  24 CA ILE -37.555 -44.521  53.117   1.000
   25  25 CA ASN -34.189 -43.968  51.492   1.000
   26  26 CA GLU -34.399 -46.717  48.900   1.000
   27  27 CA ASP -30.857 -47.249  50.009   1.000
   28  28 CA ALA -29.960 -47.101  46.411   1.000
   29  29 CA SER -26.660 -47.583  48.180   1.000
   30  30 CA PHE -28.267 -45.248  50.695   1.000
   31  31 CA PHE -28.879 -42.244  48.433   1.000
   32  32 CA HIS -27.519 -39.669  50.827   1.000
   33  33 CA GLN -27.234 -37.696  47.669   1.000
   34  34 CA GLY -26.386 -35.070  50.212   1.000
   35  35 CA GLY -27.823 -32.270  48.071   1.000
   36  36 CA VAL -24.098 -31.799  47.784   1.000
   37  37 CA PRO -24.146 -30.345  51.349   1.000
   38  38 CA ALA -21.214 -28.843  49.335   1.000
   39  39 CA ALA -22.580 -25.491  50.309   1.000
   40  40 CA SER -20.118 -24.219  47.791   1.000
   41  41 CA ALA -22.926 -22.855  45.724   1.000
   42  42 CA ASN -21.082 -23.482  42.569   1.000
   43  43 CA ASN -17.813 -22.201  44.176   1.000
   44  44 CA GLY -15.854 -23.293  41.173   1.000
   45  45 CA ALA -17.945 -20.903  39.022   1.000
   46  46 CA LEU -14.923 -20.752  36.871   1.000
   47  47 CA LEU -16.879 -18.832  34.320   1.000
   48  48 CA PHE -17.776 -16.340  37.005   1.000
   49  49 CA GLN -16.494 -13.425  35.025   1.000
   50  50 CA ASN -17.446 -14.997  31.710   1.000
   51  51 CA PHE -16.508 -11.933  29.697   1.000
   52  52 CA PRO -19.780 -10.296  28.688   1.000
   53  53 CA HIS -20.955 -11.386  32.098   1.000
   54  54 CA HIS -19.316  -8.221  33.478   1.000
   55  55 CA VAL -21.982  -6.168  31.748   1.000
   56  56 CA SER -19.267  -4.512  29.687   1.000
   57  57 CA PRO -17.012  -3.839  32.720   1.000
   58  58 CA GLY -14.364  -2.684  30.345   1.000
   59  59 CA PHE -11.579  -2.095  32.873   1.000
   60  60 CA GLY -11.800   1.555  32.115   1.000
   61  61 CA GLY -10.239   1.480  35.579   1.000
   62  62 CA SER  -9.505  -2.151  35.038   1.000
   63  63 CA PHE  -5.891  -1.259  35.351   1.000
   64  64 CA SER  -7.324   1.369  37.708   1.000
   65  65 CA PRO  -3.841   2.873  38.112   1.000
   66  66 CA GLN  -3.360   0.431  40.981   1.000
   67  67 CA ILE   0.440   0.667  40.340   1.000
   68  68 CA GLY   0.370  -3.180  40.242   1.000
   69  69 CA PRO  -0.235  -3.817  36.556   1.000
   70  70 CA LEU   2.196  -6.753  37.274   1.000
   71  71 CA SER   2.953  -7.759  33.721   1.000
   72  72 CA GLN   4.017  -4.344  32.427   1.000
   73  73 CA HIS   3.198  -5.250  28.819   1.000
   74  74 CA HIS   3.778  -8.771  29.873   1.000
   75  75 CA PRO   6.822  -8.368  27.770   1.000
   76  76 CA HIS   3.785  -6.981  25.909   1.000
   77  77 CA HIS   5.308  -6.874  22.427   1.000
   78  78 CA PRO   3.940  -3.398  21.836   1.000
   79  79 CA HIS   0.937  -5.656  21.312   1.000
   80  80 CA PHE  -1.730  -3.448  22.874   1.000
   81  81 CA GLN  -2.162  -6.428  25.109   1.000
   82  82 CA HIS  -2.525  -4.356  28.147   1.000
   83  83 CA HIS  -3.135  -1.618  25.791   1.000
   84  84 CA HIS  -3.205   0.790  28.646   1.000
   85  85 CA SER  -3.445   3.513  26.015   1.000
   86  86 CA GLN  -0.240   4.591  27.752   1.000
   87  87 CA HIS   1.010   1.179  28.892   1.000
   88  88 CA GLN   2.871   0.617  25.724   1.000
   89  89 CA GLN   5.831  -0.036  28.016   1.000
   90  90 CA GLN   3.807   1.684  30.633   1.000
   91  91 CA ARG   5.574   4.990  31.597   1.000
   92  92 CA ARG   7.327   5.317  28.312   1.000
   93  93 CA SER   9.355   7.954  30.098   1.000
   94  94 CA PRO   7.160  10.591  28.463   1.000
   95  95 CA ALA  10.527  12.107  27.643   1.000
   96  96 CA SER   9.006  15.512  28.310   1.000
   97  97 CA PRO  11.718  17.887  26.984   1.000
   98  98 CA HIS  10.290  20.657  29.065   1.000
   99  99 CA PRO  13.231  23.132  29.115   1.000
  100 100 CA PRO  14.160  20.478  26.513   1.000
  101 101 CA PRO  17.499  22.026  27.399   1.000
  102 102 CA PHE  15.600  25.273  26.815   1.000
  103 103 CA THR  15.445  25.919  23.087   1.000
  104 104 CA HIS  19.129  25.979  22.186   1.000
  105 105 CA ARG  17.930  27.166  18.744   1.000
  106 106 CA ASN  20.571  25.294  16.722   1.000
  107 107 CA ALA  21.031  28.222  14.323   1.000
  108 108 CA ALA  23.759  26.032  12.909   1.000
  109 109 CA PHE  23.248  22.880  14.808   1.000
  110 110 CA ASN  22.679  20.882  11.737   1.000
  111 111 CA GLN  25.864  19.325  12.913   1.000
  112 112 CA LEU  27.515  20.380   9.686   1.000
  113 113 CA PRO  30.833  19.058  10.990   1.000
  114 114 CA HIS  28.784  18.934  14.134   1.000
  115 115 CA LEU  31.044  16.474  15.792   1.000
  116 116 CA ALA  31.870  15.085  12.489   1.000
  117 117 CA ASN  35.229  13.625  13.454   1.000
  118 118 CA ASN  35.089  10.935  10.822   1.000
  119 119 CA LEU  33.758   8.524  13.358   1.000
  120 120 CA ASN  37.116   7.803  14.864   1.000
  121 121 CA LYS  38.567   6.787  11.633   1.000
  122 122 CA PRO  42.043   7.999  12.638   1.000
  123 123 CA PRO  42.313   4.379  11.545   1.000
  124 124 CA SER  45.405   5.925  12.909   1.000
  125 125 CA PRO  46.502   2.291  12.964   1.000
  126 126 CA TRP  49.501   4.559  13.224   1.000
  127 127 CA SER  51.974   1.795  13.624   1.000
  128 128 CA SER  54.385   3.588  11.418   1.000
  129 129 CA TYR  57.467   2.791  13.608   1.000
  130 130 CA GLN  59.682   5.657  12.668   1.000
  131 131 CA SER  60.949   5.619  16.119   1.000
  132 132 CA PRO  64.104   5.666  14.069   1.000
  133 133 CA SER  63.181   9.231  15.144   1.000
  134 134 CA PRO  62.932  10.307  11.556   1.000
  135 135 CA THR  66.593   9.402  11.784   1.000
  136 136 CA PRO  66.182   8.470   8.150   1.000
  137 137 CA SER  65.142  12.105   8.400   1.000
  138 138 CA SER  65.925  11.975   4.685   1.000
  139 139 CA SER  67.991  14.954   5.694   1.000
  140 140 CA TRP  65.262  16.214   8.047   1.000
  141 141 CA SER  65.509  19.391   5.952   1.000
  142 142 CA PRO  62.458  18.559   3.802   1.000
  143 143 CA GLY  65.449  18.720   1.537   1.000
  144 144 CA GLY  65.311  22.413   1.056   1.000
  145 145 CA GLY  66.262  22.195  -2.648   1.000
  146 146 CA GLY  62.597  22.003  -3.308   1.000
  147 147 CA TYR  62.717  19.389  -6.018   1.000
  148 148 CA GLY  62.015  16.490  -3.712   1.000
  149 149 CA GLY  59.195  15.706  -6.195   1.000
  150 150 CA TRP  60.638  18.224  -8.572   1.000
  151 151 CA GLY  57.031  18.139  -9.703   1.000
  152 152 CA GLY  57.889  15.350 -12.132   1.000
  153 153 CA SER  56.456  17.488 -14.819   1.000
  154 154 CA GLN  59.837  16.692 -16.139   1.000
  155 155 CA GLY  60.898  20.362 -16.096   1.000
  156 156 CA ARG  64.519  19.572 -15.906   1.000
  157 157 CA ASP  65.453  22.425 -13.666   1.000
  158 158 CA HIS  66.667  19.726 -11.358   1.000
  159 159 CA ARG  68.200  22.326  -9.199   1.000
  160 160 CA ARG  71.132  20.570  -7.625   1.000
  161 161 CA CYS  73.588  22.558  -9.721   1.000
    1  -1.368  -0.022   1.289
    2  -2.800   0.176   0.375
    3  -0.453  -0.203   0.516
    4  -1.156  -0.207   1.280
    5  -0.168  -1.473  -0.512
    6   0.802  -0.585   0.364
    7  -0.447  -0.129   0.251
    8   0.324  -0.601  -0.736
    9  -0.957  -0.451   1.353
   10   0.320   0.438   1.164
   11   0.813   0.698  -1.013
   12   0.709  -0.013  -0.585
   13   0.985   0.172   0.048
   14  -0.190   1.091  -0.314
   15   0.274  -0.574  -0.015
   16  -1.067   0.760  -0.006
   17  -0.533  -0.258  -1.892
   18  -0.761   0.780   1.105
   19   0.296  -0.066  -0.084
   20   1.105  -0.985   0.741
   21  -0.368   0.122   0.280
   22  -0.289  -0.644   0.205
   23   0.412   0.747   0.003
   24  -0.506  -0.461  -0.029
   25   1.005  -0.070   0.706
   26   0.061   0.116  -0.846
   27  -0.267   1.281  -0.745
   28  -0.693   1.068  -0.893
   29   0.447  -0.802   0.869
   30   0.222  -0.444   0.178
   31   2.024   0.630   0.052
   32  -0.589   0.519   1.272
   33  -0.678   1.181  -0.361
   34  -0.554   0.513  -0.868
   35   0.705  -1.032  -1.444
   36  -0.757   0.670   0.899
   37   0.497  -0.296  -0.052
   38  -1.569   0.935  -0.907
   39   0.868   0.595  -0.732
   40  -0.617   0.586   1.060
   41   0.854   0.109   0.958
   42  -0.958   0.292   0.906
   43  -1.395  -0.264  -0.362
   44  -0.805  -1.268  -0.057
   45   0.143  -0.933  -0.089
   46  -0.657  -0.418  -0.088
   47  -0.013   0.678  -0.483
   48   0.324  -0.641   0.273
   49  -1.077   0.054  -0.952
   50   0.094  -0.611   0.023
   51  -0.179  -0.506  -1.523
   52  -0.384   1.525  -0.251
   53   0.547  -0.129   0.970
   54   0.296   0.248  -0.159
   55   0.715  -0.335   0.248
   56  -1.597  -0.654   0.310
   57   0.601  -0.038  -0.033
   58   0.324   0.306  -0.776
   59   0.615   0.980   0.185
   60   1.442   1.426   0.581
   61  -1.376   0.834   1.295
   62   0.095   0.335  -0.045
   63  -0.009  -0.235  -0.627
   64  -1.514  -0.269   1.415
   65   0.401  -0.563   0.850
   66  -1.079  -0.451  -1.172
   67  -0.050  -0.545  -0.107
   68  -0.916  -0.700   0.524
   69   0.646   0.356  -0.196
   70   0.880   0.040  -0.401
   71   0.203   0.352  -0.806
   72  -0.387   1.084  -0.882
   73   0.260  -0.111   0.649
   74  -0.465  -0.936   0.953
   75  -0.031   0.306   0.620
   76   0.337  -0.283   0.287
   77  -0.140  -0.177  -0.577
   78  -0.544   0.960  -0.587
   79  -0.449  -0.557  -0.437
   80   1.084   0.666  -0.194
   81   0.129   1.165   0.915
   82   1.044  -0.354  -0.372
   83  -0.938   0.697   0.998
   84  -1.147   0.853  -0.423
   85   0.404  -0.405  -1.420
   86  -0.873   1.263  -0.155
   87   0.340  -0.417   0.982
   88   0.717  -0.221   0.301
   89   0.872   0.402  -0.894
   90   0.307   0.161   0.098
   91   0.152   0.781  -0.120
   92  -0.365   0.386  -0.231
   93   0.732  -0.456  -0.058
   94  -1.486  -0.319   0.658
   95   0.056   0.080  -0.511
   96   1.289  -0.502  -0.711
   97   0.635  -0.551   0.910
   98   0.418  -0.105  -0.830
   99   0.513  -0.021   0.304
  100  -0.179   0.471   1.357
  101   0.131   0.242  -0.608
  102   0.813   0.670   0.332
  103  -0.927   0.924   0.193
  104  -0.715  -0.441   0.616
  105  -0.182  -1.829   1.158
  106   0.133   1.675   0.355
  107   1.048   0.351  -2.085
  108  -0.274   0.413   0.316
  109  -0.021   0.576   0.257
  110  -0.213  -0.369   0.661
  111  -0.623   0.369  -0.492
  112  -0.186  -0.155   0.705
  113   0.173   1.703  -0.740
  114  -0.883  -0.175   0.569
  115   0.060   1.627  -0.429
  116  -0.070   0.151   0.008
  117   0.176   1.152  -0.853
  118  -1.002   0.069   0.058
  119   1.335  -0.809   1.110
  120  -0.193   0.445  -0.041
  121  -0.277   1.584  -0.622
  122   1.212  -0.559  -0.497
  123  -0.087  -1.155   1.103
  124  -0.263  -0.674  -0.317
  125   0.157  -0.165   0.477
  126  -0.613  -1.109   0.014
  127   0.675   0.705   0.319
  128  -0.165   0.086  -1.494
  129  -1.727  -0.674  -0.169
  130  -0.332   0.502   0.474
  131  -0.406   0.879  -0.548
  132   0.408   0.014  -0.064
  133   0.534   0.054   0.840
  134   0.396   0.551  -0.528
  135   1.781   1.035   1.164
  136   0.509   0.863   0.389
  137   0.908   1.021   1.028
  138   0.446  -0.180   0.196
  139  -0.199   0.015   2.658
  140   0.364  -1.201  -0.741
  141   0.455   1.587   0.933
  142  -1.671   0.111   0.885
  143   1.621  -1.085  -0.629
  144  -0.022  -1.025   1.562
  145  -0.049   0.043  -0.262
  146  -0.154   0.895  -0.612
  147  -0.158   0.448   0.290
  148   1.556  -0.762   1.383
  149  -0.229  -1.580   0.252
  150  -0.226  -0.758   0.434
  151  -0.596  -1.151   0.845
  152   0.840   0.764  -0.345
  153   1.194  -1.067   0.035
  154   1.170  -0.743  -0.492
  155   1.949   0.431   0.197
  156  -0.088  -1.163   0.237
  157   1.187   1.436  -1.020
  158   0.327   0.069   0.591
  159   0.197  -0.538   0.543
  160   0.417   1.133  -0.293
  161   0.167   0.194   0.088
           1
         161
