  # There has been       50000 steps
 # The current temp is  0.517528236    
 # Number of atoms
         161
 # X(i)Y(i)Z(i)
    1   1 CA GLY -18.703 -92.043  73.329   1.000
    2   2 CA PRO -20.795 -90.539  70.523   1.000
    3   3 CA CYS -20.092 -87.148  72.023   1.000
    4   4 CA SER -16.498 -87.947  72.697   1.000
    5   5 CA SER -15.779 -89.345  69.183   1.000
    6   6 CA LEU -15.052 -85.708  68.389   1.000
    7   7 CA THR -15.440 -85.762  64.660   1.000
    8   8 CA GLY -13.272 -82.739  63.800   1.000
    9   9 CA PHE -10.066 -84.651  62.920   1.000
   10  10 CA SER  -9.712 -82.485  59.918   1.000
   11  11 CA ASN  -6.199 -81.693  61.000   1.000
   12  12 CA TRP  -6.044 -78.510  59.042   1.000
   13  13 CA SER  -4.635 -76.956  62.234   1.000
   14  14 CA ALA  -7.254 -78.538  64.442   1.000
   15  15 CA ALA  -7.746 -74.981  65.550   1.000
   16  16 CA ILE  -9.100 -73.125  62.511   1.000
   17  17 CA ALA -10.379 -70.112  64.325   1.000
   18  18 CA PRO  -7.135 -68.796  65.873   1.000
   19  19 CA SER  -6.942 -68.341  62.136   1.000
   20  20 CA SER  -8.469 -65.028  63.388   1.000
   21  21 CA SER -11.318 -65.710  61.026   1.000
   22  22 CA THR  -9.522 -63.810  58.402   1.000
   23  23 CA ILE -10.267 -65.966  55.288   1.000
   24  24 CA ILE -10.712 -63.509  52.546   1.000
   25  25 CA ASN -11.875 -66.161  50.051   1.000
   26  26 CA GLU -13.484 -63.491  47.964   1.000
   27  27 CA ASP -12.693 -65.144  44.694   1.000
   28  28 CA ALA -15.524 -67.633  45.118   1.000
   29  29 CA SER -15.484 -67.750  41.330   1.000
   30  30 CA PHE -18.369 -65.376  41.249   1.000
   31  31 CA PHE -19.517 -66.456  44.723   1.000
   32  32 CA HIS -23.178 -65.585  44.203   1.000
   33  33 CA GLN -22.921 -61.857  43.913   1.000
   34  34 CA GLY -26.603 -62.167  44.252   1.000
   35  35 CA GLY -26.775 -61.552  40.515   1.000
   36  36 CA VAL -30.274 -60.143  41.037   1.000
   37  37 CA PRO -28.776 -56.672  41.204   1.000
   38  38 CA ALA -32.165 -55.485  39.836   1.000
   39  39 CA ALA -30.912 -55.487  36.332   1.000
   40  40 CA SER -32.802 -52.471  35.265   1.000
   41  41 CA ALA -30.055 -50.270  36.838   1.000
   42  42 CA ASN -27.276 -51.542  34.625   1.000
   43  43 CA ASN -28.699 -49.791  31.673   1.000
   44  44 CA GLY -27.441 -52.614  29.489   1.000
   45  45 CA ALA -29.015 -51.230  26.279   1.000
   46  46 CA LEU -26.277 -52.552  23.957   1.000
   47  47 CA LEU -24.619 -49.209  24.306   1.000
   48  48 CA PHE -21.817 -50.737  22.254   1.000
   49  49 CA GLN -22.056 -47.268  20.734   1.000
   50  50 CA ASN -25.726 -47.113  19.603   1.000
   51  51 CA PHE -25.882 -43.385  19.586   1.000
   52  52 CA PRO -22.603 -42.911  17.784   1.000
   53  53 CA HIS -23.767 -45.906  15.688   1.000
   54  54 CA HIS -26.724 -43.952  14.402   1.000
   55  55 CA VAL -24.357 -41.539  12.806   1.000
   56  56 CA SER -23.219 -44.024  10.188   1.000
   57  57 CA PRO -20.029 -42.177  10.717   1.000
   58  58 CA GLY -22.604 -40.019   9.004   1.000
   59  59 CA PHE -20.715 -36.754   8.938   1.000
   60  60 CA GLY -17.597 -38.825   9.272   1.000
   61  61 CA GLY -15.668 -35.667   8.656   1.000
   62  62 CA SER -18.813 -33.553   8.839   1.000
   63  63 CA PHE -16.675 -30.497   9.304   1.000
   64  64 CA SER -13.392 -32.026   8.213   1.000
   65  65 CA PRO -14.542 -31.260   4.654   1.000
   66  66 CA GLN -10.974 -30.099   4.800   1.000
   67  67 CA ILE -11.876 -26.463   4.597   1.000
   68  68 CA GLY  -8.351 -25.313   3.812   1.000
   69  69 CA PRO  -9.895 -21.981   2.789   1.000
   70  70 CA LEU  -6.268 -21.654   3.665   1.000
   71  71 CA SER  -7.084 -20.979   7.296   1.000
   72  72 CA GLN  -3.930 -23.074   7.855   1.000
   73  73 CA HIS  -5.637 -24.126  11.086   1.000
   74  74 CA HIS  -2.706 -22.423  12.832   1.000
   75  75 CA PRO  -0.871 -25.552  11.591   1.000
   76  76 CA HIS  -4.201 -26.843  12.942   1.000
   77  77 CA HIS  -2.835 -28.841  15.825   1.000
   78  78 CA PRO   0.643 -29.114  14.434   1.000
   79  79 CA HIS  -0.761 -32.735  14.396   1.000
   80  80 CA PHE  -4.334 -32.171  15.520   1.000
   81  81 CA GLN  -4.672 -35.427  13.707   1.000
   82  82 CA HIS  -8.334 -35.988  14.429   1.000
   83  83 CA HIS  -7.779 -32.640  16.041   1.000
   84  84 CA HIS -10.041 -33.300  19.053   1.000
   85  85 CA SER -12.433 -30.678  17.735   1.000
   86  86 CA GLN  -9.952 -30.344  14.937   1.000
   87  87 CA HIS  -9.652 -26.840  16.457   1.000
   88  88 CA GLN  -7.134 -27.542  19.051   1.000
   89  89 CA GLN  -6.040 -24.049  18.110   1.000
   90  90 CA GLN  -8.861 -24.738  15.752   1.000
   91  91 CA ARG -10.484 -21.293  16.052   1.000
   92  92 CA ARG  -9.827 -20.974  19.725   1.000
   93  93 CA SER -13.269 -19.620  20.218   1.000
   94  94 CA PRO -13.290 -21.900  23.312   1.000
   95  95 CA ALA  -9.808 -20.496  23.801   1.000
   96  96 CA SER  -9.687 -21.951  27.206   1.000
   97  97 CA PRO  -7.618 -24.728  25.608   1.000
   98  98 CA HIS  -4.519 -22.572  25.582   1.000
   99  99 CA PRO  -2.817 -24.199  28.495   1.000
  100 100 CA PRO  -0.953 -25.964  25.782   1.000
  101 101 CA PRO  -1.071 -28.425  28.731   1.000
  102 102 CA PHE  -4.101 -29.390  26.594   1.000
  103 103 CA THR  -2.449 -31.954  24.336   1.000
  104 104 CA HIS  -5.669 -32.484  22.493   1.000
  105 105 CA ARG  -4.207 -35.587  20.730   1.000
  106 106 CA ASN  -7.479 -37.580  20.583   1.000
  107 107 CA ALA  -6.163 -40.145  23.091   1.000
  108 108 CA ALA  -2.573 -40.081  21.865   1.000
  109 109 CA PHE  -3.356 -41.758  18.591   1.000
  110 110 CA ASN  -1.133 -39.533  16.433   1.000
  111 111 CA GLN  -3.231 -41.191  13.756   1.000
  112 112 CA LEU  -0.037 -41.644  11.681   1.000
  113 113 CA PRO  -2.689 -43.508   9.659   1.000
  114 114 CA HIS   0.285 -45.824   9.821   1.000
  115 115 CA LEU  -1.463 -48.653  11.595   1.000
  116 116 CA ALA  -1.554 -50.235   8.192   1.000
  117 117 CA ASN   1.208 -52.228   9.654   1.000
  118 118 CA ASN   3.252 -50.807   6.795   1.000
  119 119 CA LEU   6.113 -49.812   9.115   1.000
  120 120 CA ASN   7.338 -46.893   7.232   1.000
  121 121 CA LYS  10.026 -49.420   6.397   1.000
  122 122 CA PRO  11.527 -46.722   4.199   1.000
  123 123 CA PRO  13.244 -49.434   2.089   1.000
  124 124 CA SER  11.325 -51.771   4.377   1.000
  125 125 CA PRO  14.045 -54.333   3.882   1.000
  126 126 CA TRP  10.828 -56.337   3.580   1.000
  127 127 CA SER   9.991 -54.215   0.496   1.000
  128 128 CA SER   9.772 -57.445  -1.456   1.000
  129 129 CA TYR  12.962 -56.703  -3.230   1.000
  130 130 CA GLN  11.250 -56.190  -6.536   1.000
  131 131 CA SER  14.450 -56.670  -8.554   1.000
  132 132 CA PRO  16.296 -54.138  -6.288   1.000
  133 133 CA SER  14.992 -51.846  -9.064   1.000
  134 134 CA PRO  14.903 -48.973  -6.675   1.000
  135 135 CA THR  15.417 -47.533 -10.200   1.000
  136 136 CA PRO  15.187 -44.192  -8.344   1.000
  137 137 CA SER  16.255 -43.519 -11.918   1.000
  138 138 CA SER  13.977 -45.685 -13.994   1.000
  139 139 CA SER  15.504 -44.615 -17.350   1.000
  140 140 CA TRP  15.118 -40.982 -16.747   1.000
  141 141 CA SER  14.719 -40.352 -20.438   1.000
  142 142 CA PRO  13.308 -36.885 -19.814   1.000
  143 143 CA GLY  16.918 -35.874 -20.278   1.000
  144 144 CA GLY  15.346 -32.916 -22.053   1.000
  145 145 CA GLY  11.864 -32.620 -20.557   1.000
  146 146 CA GLY  12.642 -29.627 -18.394   1.000
  147 147 CA TYR  12.142 -27.561 -21.540   1.000
  148 148 CA GLY  11.058 -24.467 -19.712   1.000
  149 149 CA GLY  14.833 -24.015 -19.374   1.000
  150 150 CA TRP  14.157 -20.456 -20.422   1.000
  151 151 CA GLY  17.505 -21.398 -21.744   1.000
  152 152 CA GLY  16.377 -20.106 -25.168   1.000
  153 153 CA SER  12.941 -19.635 -23.450   1.000
  154 154 CA GLN  12.150 -17.231 -26.353   1.000
  155 155 CA GLY   9.901 -19.965 -27.638   1.000
  156 156 CA ARG   8.318 -16.830 -29.077   1.000
  157 157 CA ASP   8.459 -14.970 -25.830   1.000
  158 158 CA HIS   4.854 -14.698 -24.735   1.000
  159 159 CA ARG   6.021 -16.563 -21.765   1.000
  160 160 CA ARG   8.920 -14.090 -22.359   1.000
  161 161 CA CYS   9.557 -13.840 -18.624   1.000
    1   0.045  -0.330  -0.673
    2  -0.909  -0.832  -0.085
    3  -0.076   0.978   1.061
    4   0.267  -0.679   0.488
    5   0.133   0.508   0.492
    6   0.034  -0.253   0.482
    7   0.172   0.066  -0.173
    8  -0.141   0.065  -1.294
    9   1.047   0.434   0.443
   10   0.108  -0.043  -0.601
   11   0.593  -1.474  -0.554
   12   0.878   1.490  -0.168
   13   0.583  -0.374  -0.363
   14  -0.618  -0.067  -1.056
   15  -0.495  -1.783   0.202
   16   1.021   0.162   0.960
   17   0.490   0.726  -0.218
   18   0.310   0.112   0.278
   19   1.325   0.813  -0.387
   20  -0.409  -0.977  -0.678
   21   0.357   0.586   0.113
   22   1.127  -1.176  -0.199
   23  -0.327  -0.473   0.445
   24  -1.324  -0.625   0.827
   25  -1.529  -1.383  -1.012
   26  -0.492  -0.683  -0.042
   27  -0.538   0.260  -0.118
   28   0.206   0.218   0.710
   29  -0.294  -0.905   0.316
   30  -0.422   0.789   0.892
   31  -0.931  -0.712  -0.556
   32  -0.076   0.209  -0.337
   33  -0.062   1.056   0.594
   34   0.664   0.068   0.081
   35   1.176   0.424  -0.908
   36  -0.338   0.318  -0.045
   37  -1.299   0.282  -1.012
   38  -0.034  -0.016  -0.498
   39   0.510  -0.583   0.447
   40   0.421   0.331  -1.183
   41  -1.533   0.444   0.757
   42   0.525   0.034  -0.785
   43   0.559  -0.696  -0.332
   44   0.276  -0.241  -0.302
   45  -0.678   0.613   0.098
   46  -0.345   0.343  -1.696
   47   1.271   0.795  -2.146
   48   0.275   0.292   1.374
   49  -0.813   0.232   1.335
   50   0.136   0.162   0.711
   51  -0.535  -0.078  -0.077
   52  -0.662   1.078   0.558
   53   0.080   0.655  -0.831
   54  -0.300   0.121  -0.301
   55  -0.841  -0.661  -0.765
   56   0.081   0.071   0.062
   57   1.458   0.317   1.265
   58  -0.728  -0.128   0.121
   59  -0.146  -0.791  -1.143
   60  -0.028  -1.059  -0.899
   61  -0.095  -0.645   0.975
   62  -0.130  -0.152  -0.144
   63   0.314   0.990   0.288
   64  -0.497  -0.156   1.139
   65   0.104   0.559  -0.384
   66   0.531  -0.432  -0.416
   67   0.319   0.465  -1.404
   68  -0.311   0.559  -0.163
   69  -0.493  -0.527  -0.195
   70  -0.223  -1.467  -0.067
   71   1.092   0.461  -0.722
   72  -0.548  -0.421  -0.147
   73   0.390   0.012   0.609
   74  -0.543   1.110   0.659
   75  -0.284   0.384  -2.001
   76   0.771   1.722  -0.444
   77   0.071  -0.121   0.286
   78  -2.000  -0.215   0.414
   79   0.613   0.985   0.278
   80   0.570   0.953   0.405
   81   0.282  -0.583   0.298
   82  -0.511  -0.244   1.784
   83  -0.298   0.259   0.167
   84   1.255   0.813  -0.414
   85   0.038   0.770   0.635
   86  -1.330   0.285   0.008
   87  -0.742  -0.027   0.268
   88   0.642   0.549   0.552
   89  -0.660   0.264  -1.482
   90  -0.782   0.297   0.292
   91   0.148  -0.015   0.420
   92   0.363  -0.081  -1.420
   93  -0.795  -0.358   0.342
   94  -0.229   0.768  -0.459
   95  -0.734  -0.577  -0.554
   96  -0.006  -0.067  -0.028
   97  -0.206   0.186   0.226
   98   0.027   0.125   1.185
   99  -1.274  -0.629   0.492
  100  -0.888  -1.170   0.056
  101  -0.505   1.416  -0.077
  102  -0.663  -0.825   1.268
  103   0.460  -0.171   1.616
  104   0.922   1.190   0.311
  105  -0.475   0.750   0.124
  106   0.138   0.065   0.220
  107   0.937   0.833   0.615
  108  -0.342  -0.423   1.200
  109   0.722  -0.201   0.510
  110   0.311  -0.563   0.252
  111   0.492  -0.569  -0.410
  112  -0.481  -1.180   1.009
  113  -0.395   0.308  -1.062
  114  -0.348   0.647   0.815
  115  -1.521   0.584  -0.133
  116  -0.581   0.370   0.001
  117   0.234  -0.047  -0.297
  118   0.429  -0.978  -0.380
  119   0.856  -1.060  -1.653
  120  -1.542   0.980   0.254
  121  -1.814  -0.497  -1.225
  122  -0.675   0.728   0.737
  123  -0.267   0.499   0.520
  124  -0.009   0.084   0.087
  125   0.153  -0.311  -0.896
  126   0.143  -1.044  -1.044
  127   0.373  -0.169   0.362
  128  -0.774   0.183  -0.530
  129  -0.072  -0.865   0.119
  130  -0.842  -0.990   0.188
  131   0.321  -0.787  -0.198
  132  -1.200  -0.335  -0.454
  133  -0.585  -0.441   1.114
  134   0.753  -0.951   0.822
  135   0.460   0.169   0.080
  136  -1.102  -0.969  -0.096
  137   0.534  -0.199   0.641
  138  -0.826   1.108   1.131
  139   0.646  -0.132   0.020
  140   1.871  -0.207   0.280
  141  -0.933  -0.512   0.142
  142  -0.737  -0.653  -0.485
  143   0.219  -0.508  -0.399
  144  -0.526  -0.883   0.789
  145   0.490  -0.269  -0.192
  146   0.005   0.409  -0.702
  147   0.163  -1.626  -0.539
  148  -0.500  -0.466   0.573
  149   0.405  -1.551   0.275
  150  -0.020  -1.218   0.858
  151   0.839  -1.365   0.484
  152   0.148  -1.668   0.127
  153   0.487   0.038  -0.706
  154   0.062   0.426  -1.369
  155  -0.079   0.167   1.124
  156  -0.116   0.966   0.627
  157   0.125  -1.648   1.030
  158  -0.839   0.096  -1.051
  159  -0.516   0.300  -0.016
  160  -0.611  -0.598   0.928
  161  -0.052  -0.216   1.213
           1
         161
