  # There has been       50000 steps
 # The current temp is  0.545539439    
 # Number of atoms
         161
 # X(i)Y(i)Z(i)
    1   1 CA GLY -30.450  -2.810  40.923   1.000
    2   2 CA PRO -31.715  -4.552  37.725   1.000
    3   3 CA CYS -29.407  -1.677  36.713   1.000
    4   4 CA SER -27.846  -3.565  33.907   1.000
    5   5 CA SER -31.308  -4.645  32.710   1.000
    6   6 CA LEU -29.595  -6.801  30.060   1.000
    7   7 CA THR -27.913  -9.624  31.817   1.000
    8   8 CA GLY -26.164 -10.726  28.703   1.000
    9   9 CA PHE -23.110 -11.806  30.408   1.000
   10  10 CA SER -24.798 -15.114  30.934   1.000
   11  11 CA ASN -25.571 -13.972  34.411   1.000
   12  12 CA TRP -22.352 -15.396  35.397   1.000
   13  13 CA SER -20.974 -12.187  36.747   1.000
   14  14 CA ALA -18.083 -13.802  38.633   1.000
   15  15 CA ALA -17.871 -11.270  41.412   1.000
   16  16 CA ILE -18.691 -13.972  43.962   1.000
   17  17 CA ALA -15.143 -15.277  43.286   1.000
   18  18 CA PRO -14.444 -11.548  43.242   1.000
   19  19 CA SER -12.458 -12.892  40.318   1.000
   20  20 CA SER  -9.706 -11.426  42.489   1.000
   21  21 CA SER  -9.040  -9.475  39.356   1.000
   22  22 CA THR  -9.591 -13.146  38.524   1.000
   23  23 CA ILE  -5.992 -13.770  39.438   1.000
   24  24 CA ILE  -4.236 -12.604  36.297   1.000
   25  25 CA ASN  -0.839 -13.838  37.375   1.000
   26  26 CA GLU   0.752 -10.724  35.925   1.000
   27  27 CA ASP   1.914  -9.795  39.357   1.000
   28  28 CA ALA   0.056  -6.498  38.957   1.000
   29  29 CA SER   2.783  -4.885  40.896   1.000
   30  30 CA PHE   0.821  -6.877  43.453   1.000
   31  31 CA PHE   3.752  -6.326  45.696   1.000
   32  32 CA HIS   5.012  -3.238  43.896   1.000
   33  33 CA GLN   8.566  -4.472  43.651   1.000
   34  34 CA GLY   7.502  -7.351  45.945   1.000
   35  35 CA GLY  11.108  -7.446  47.026   1.000
   36  36 CA VAL  10.846  -8.067  50.793   1.000
   37  37 CA PRO  11.293 -11.845  50.263   1.000
   38  38 CA ALA  11.740 -10.864  53.931   1.000
   39  39 CA ALA   9.972 -13.889  55.215   1.000
   40  40 CA SER   7.179 -11.665  54.123   1.000
   41  41 CA ALA   5.435 -14.724  52.850   1.000
   42  42 CA ASN   3.675 -12.303  50.569   1.000
   43  43 CA ASN   2.529 -14.960  48.199   1.000
   44  44 CA GLY   1.295 -17.418  50.799   1.000
   45  45 CA ALA  -1.942 -18.384  49.154   1.000
   46  46 CA LEU  -2.969 -14.966  47.934   1.000
   47  47 CA LEU  -2.504 -16.284  44.477   1.000
   48  48 CA PHE  -1.037 -12.989  43.333   1.000
   49  49 CA GLN   2.129 -14.692  42.180   1.000
   50  50 CA ASN   4.698 -12.196  43.401   1.000
   51  51 CA PHE   7.020 -13.181  40.653   1.000
   52  52 CA PRO   9.572 -10.451  40.610   1.000
   53  53 CA HIS   9.125 -11.559  37.003   1.000
   54  54 CA HIS  10.832  -8.579  35.514   1.000
   55  55 CA VAL  13.742 -10.786  34.821   1.000
   56  56 CA SER  16.207  -7.908  34.634   1.000
   57  57 CA PRO  13.815  -5.784  36.748   1.000
   58  58 CA GLY  17.191  -4.101  37.474   1.000
   59  59 CA PHE  18.498  -5.690  34.314   1.000
   60  60 CA GLY  21.867  -3.964  34.676   1.000
   61  61 CA GLY  20.939  -2.901  38.295   1.000
   62  62 CA SER  21.876   0.819  37.855   1.000
   63  63 CA PHE  19.041   2.450  39.784   1.000
   64  64 CA SER  17.955   4.922  37.080   1.000
   65  65 CA PRO  14.403   3.895  36.430   1.000
   66  66 CA GLN  16.879   2.924  33.726   1.000
   67  67 CA ILE  15.559   5.333  31.108   1.000
   68  68 CA GLY  11.942   4.593  31.783   1.000
   69  69 CA PRO  12.016   4.373  28.094   1.000
   70  70 CA LEU   8.541   2.985  29.255   1.000
   71  71 CA SER  10.150   0.892  31.899   1.000
   72  72 CA GLN   7.267  -1.434  32.311   1.000
   73  73 CA HIS   6.806  -1.798  28.568   1.000
   74  74 CA HIS   3.613  -3.549  29.512   1.000
   75  75 CA PRO   4.101  -2.858  33.205   1.000
   76  76 CA HIS   4.746  -6.610  33.554   1.000
   77  77 CA HIS   3.975  -7.528  29.953   1.000
   78  78 CA PRO   7.387  -9.222  30.358   1.000
   79  79 CA HIS   5.373 -12.049  32.218   1.000
   80  80 CA PHE   8.003 -14.605  31.196   1.000
   81  81 CA GLN   7.137 -16.954  34.028   1.000
   82  82 CA HIS   4.269 -14.830  35.324   1.000
   83  83 CA HIS   3.320 -17.742  37.351   1.000
   84  84 CA HIS   6.120 -19.063  35.144   1.000
   85  85 CA SER   6.678 -21.305  38.153   1.000
   86  86 CA GLN  10.236 -21.886  36.906   1.000
   87  87 CA HIS  11.343 -18.297  37.715   1.000
   88  88 CA GLN  12.974 -19.200  34.395   1.000
   89  89 CA GLN  10.898 -22.199  33.418   1.000
   90  90 CA GLN  10.440 -20.234  30.365   1.000
   91  91 CA ARG  13.474 -18.519  31.651   1.000
   92  92 CA ARG  14.120 -17.079  28.264   1.000
   93  93 CA SER  13.576 -20.627  26.888   1.000
   94  94 CA PRO  17.131 -20.429  25.507   1.000
   95  95 CA ALA  15.611 -23.232  23.540   1.000
   96  96 CA SER  18.677 -24.022  21.540   1.000
   97  97 CA PRO  17.181 -27.177  20.222   1.000
   98  98 CA HIS  14.642 -25.647  17.818   1.000
   99  99 CA PRO  12.649 -28.901  18.263   1.000
  100 100 CA PRO  10.438 -25.811  17.930   1.000
  101 101 CA PRO  12.630 -25.853  14.842   1.000
  102 102 CA PHE   9.777 -23.548  13.964   1.000
  103 103 CA THR  10.029 -23.852  10.110   1.000
  104 104 CA HIS  11.105 -20.268  10.065   1.000
  105 105 CA ARG   8.465 -19.547   7.468   1.000
  106 106 CA ASN  11.299 -19.892   4.867   1.000
  107 107 CA ALA   8.707 -18.739   2.246   1.000
  108 108 CA ALA  11.209 -16.516   0.527   1.000
  109 109 CA PHE  13.422 -17.215   3.485   1.000
  110 110 CA ASN  13.316 -13.590   4.502   1.000
  111 111 CA GLN  12.136 -14.474   8.074   1.000
  112 112 CA LEU  13.007 -10.944   9.180   1.000
  113 113 CA PRO  12.138 -11.520  12.661   1.000
  114 114 CA HIS  14.452 -14.373  11.747   1.000
  115 115 CA LEU  17.539 -12.683  12.685   1.000
  116 116 CA ALA  18.784 -16.310  12.760   1.000
  117 117 CA ASN  16.019 -17.359  10.332   1.000
  118 118 CA ASN  18.225 -17.073   7.296   1.000
  119 119 CA LEU  20.432 -20.019   8.064   1.000
  120 120 CA ASN  21.355 -20.998   4.540   1.000
  121 121 CA LYS  22.581 -17.601   3.416   1.000
  122 122 CA PRO  25.597 -19.748   2.534   1.000
  123 123 CA PRO  23.085 -22.545   1.669   1.000
  124 124 CA SER  24.513 -21.619  -1.694   1.000
  125 125 CA PRO  27.974 -23.051  -1.133   1.000
  126 126 CA TRP  27.752 -22.743  -4.903   1.000
  127 127 CA SER  27.445 -19.063  -4.194   1.000
  128 128 CA SER  30.985 -19.508  -2.973   1.000
  129 129 CA TYR  32.159 -16.208  -4.368   1.000
  130 130 CA GLN  35.146 -18.016  -5.784   1.000
  131 131 CA SER  35.190 -15.453  -8.517   1.000
  132 132 CA PRO  31.533 -16.096  -9.250   1.000
  133 133 CA SER  32.134 -13.407 -11.895   1.000
  134 134 CA PRO  30.083 -10.307 -11.096   1.000
  135 135 CA THR  30.999  -9.402 -14.785   1.000
  136 136 CA PRO  30.921  -5.620 -14.806   1.000
  137 137 CA SER  27.649  -6.533 -13.183   1.000
  138 138 CA SER  26.317  -2.929 -13.077   1.000
  139 139 CA SER  29.528  -2.014 -14.765   1.000
  140 140 CA TRP  29.932   1.346 -13.141   1.000
  141 141 CA SER  32.762  -0.589 -11.563   1.000
  142 142 CA PRO  35.029   2.220 -12.422   1.000
  143 143 CA GLY  33.149   2.666  -9.133   1.000
  144 144 CA GLY  33.378   6.450  -8.869   1.000
  145 145 CA GLY  29.645   6.378  -8.712   1.000
  146 146 CA GLY  29.295  10.021  -7.563   1.000
  147 147 CA TYR  30.590   9.086  -4.116   1.000
  148 148 CA GLY  28.396   6.060  -4.868   1.000
  149 149 CA GLY  28.403   4.997  -1.285   1.000
  150 150 CA TRP  32.157   5.134  -1.489   1.000
  151 151 CA GLY  31.671   7.053   1.617   1.000
  152 152 CA GLY  28.036   6.367   0.873   1.000
  153 153 CA SER  26.945   9.038   3.343   1.000
  154 154 CA GLN  28.413  11.459   1.066   1.000
  155 155 CA GLY  25.762  14.113   0.806   1.000
  156 156 CA ARG  27.664  15.433  -2.102   1.000
  157 157 CA ASP  25.238  18.237  -1.671   1.000
  158 158 CA HIS  27.424  18.496   1.409   1.000
  159 159 CA ARG  29.950  20.240  -0.782   1.000
  160 160 CA ARG  32.378  20.003   2.182   1.000
  161 161 CA CYS  34.444  23.179   2.285   1.000
    1   0.982  -0.010   0.769
    2  -1.500  -0.134   0.051
    3   0.249   0.057   0.790
    4   0.560  -0.981   1.098
    5   0.920   0.929  -0.478
    6   0.691   1.119  -0.563
    7   0.820   0.065  -1.253
    8   0.371  -0.272   0.451
    9   0.046   0.027  -0.407
   10  -0.246   1.097   0.158
   11  -1.024   0.272   0.346
   12   0.193  -0.212  -0.396
   13   0.220  -0.096   1.065
   14   0.348   0.712  -0.142
   15  -1.945   1.636  -1.393
   16   0.176   0.896  -0.185
   17   0.074   0.247   0.624
   18   0.436   0.216  -0.118
   19  -0.383  -0.417   0.659
   20  -0.484   0.435  -0.664
   21   1.314   0.008   0.825
   22  -0.214  -0.550   0.166
   23  -0.435  -1.584  -1.090
   24   0.247   0.013  -0.456
   25   0.606   0.571  -0.463
   26   0.592   0.057  -1.097
   27  -1.258  -0.046   0.184
   28  -1.027   0.151  -0.047
   29  -0.423  -0.757  -0.127
   30   0.807  -0.623   1.427
   31   0.885  -0.909   1.125
   32   0.777  -0.665  -0.239
   33  -0.866  -0.845   0.820
   34  -0.781  -0.391  -0.745
   35   0.358   1.323  -0.183
   36  -1.011   0.050   0.571
   37   0.118   0.276   1.180
   38  -0.473  -0.755   0.112
   39   1.097   0.559   0.279
   40   0.034   1.114   0.569
   41  -0.288  -0.129   0.124
   42  -0.753   0.884   0.321
   43   1.316   0.437  -0.274
   44  -0.808   0.678  -0.550
   45  -1.301   0.215   0.575
   46   0.534   0.140   0.462
   47  -1.434  -0.024   0.558
   48   1.504   0.533   0.486
   49   0.562   0.573   0.655
   50   0.952   0.683  -1.574
   51  -0.199  -0.357   0.767
   52  -0.412  -0.845  -0.834
   53  -1.165  -0.174   0.595
   54  -0.838   0.174   0.444
   55   0.913  -0.271  -0.385
   56  -0.112  -0.520   0.188
   57   0.825  -0.662   0.018
   58  -0.879   0.048   0.112
   59   0.080  -0.836   1.026
   60  -0.346   0.765  -1.073
   61  -1.701  -2.248   1.364
   62  -0.062   0.350   0.998
   63  -0.119   0.065  -0.075
   64   1.206  -0.899  -0.530
   65   0.672  -0.162  -0.076
   66  -0.630  -0.823   0.633
   67  -0.729   0.726   0.322
   68   0.968   0.907   1.309
   69   0.407   0.344   1.599
   70   0.226   0.383  -0.698
   71  -1.380   0.091   0.512
   72  -0.145  -0.518  -0.033
   73  -0.094   0.618  -0.059
   74  -0.116  -0.719  -1.217
   75  -0.036   0.771   0.798
   76   0.355   0.276  -0.769
   77  -0.341   1.463  -0.873
   78  -0.886   1.482  -0.565
   79  -0.600   0.641  -1.803
   80  -0.295  -0.098   0.047
   81   0.320   0.921  -0.755
   82   0.876  -0.849   0.304
   83  -0.768  -0.617  -0.189
   84  -0.248   0.279   0.744
   85  -1.133   0.041   0.140
   86  -2.118  -0.837  -0.236
   87  -0.363  -0.590  -1.469
   88   1.705  -0.604   2.238
   89   0.654   0.729  -1.152
   90  -1.140   1.839  -0.082
   91  -0.735  -1.165  -1.161
   92  -0.178   0.172   0.138
   93  -0.985  -0.647   0.369
   94  -0.896   0.404   0.730
   95  -1.534   0.096  -0.763
   96   0.340  -0.679   0.481
   97  -1.012   0.539   0.428
   98  -0.235   0.585  -0.501
   99  -0.486  -0.236   0.790
  100   0.434  -0.101  -1.284
  101  -1.752  -0.056   0.133
  102   0.449   0.097  -0.850
  103  -1.331  -0.024  -0.212
  104   1.435  -0.798  -0.156
  105  -0.796   0.361   0.936
  106   0.041   0.103   0.806
  107   0.568  -0.475  -0.637
  108   1.611  -1.455  -0.259
  109   0.427   1.150  -0.443
  110  -1.135   0.103   0.739
  111  -0.067   0.102   0.333
  112   0.167  -1.719  -0.557
  113  -0.464  -0.504   0.525
  114  -0.457  -0.199   0.008
  115   0.721   0.587  -0.116
  116   0.312   0.266  -0.979
  117  -0.000  -0.551  -0.131
  118  -0.421   0.198   0.284
  119   0.339  -0.047   0.516
  120  -0.138   0.060   0.417
  121  -0.257   0.301  -0.081
  122  -0.091  -0.436  -0.275
  123  -1.169  -0.030   0.425
  124  -1.067  -0.816   0.222
  125   0.393  -0.010  -1.164
  126   0.689   0.692   0.295
  127  -0.135  -0.913  -0.536
  128  -0.839   0.509  -0.267
  129   0.246   0.524   1.055
  130   0.270  -0.009  -0.710
  131  -0.498  -0.361  -1.138
  132  -0.300  -0.536   1.337
  133  -0.763  -0.397   0.380
  134  -1.560   0.730  -0.311
  135  -0.394  -1.160   0.047
  136  -0.195   0.230  -1.171
  137  -0.469  -0.233  -0.493
  138   0.003  -0.642   1.315
  139  -0.649   0.841   1.152
  140   0.411  -0.435   0.405
  141   1.361   0.106   0.080
  142  -0.403  -0.998   0.598
  143  -0.734   0.395   0.071
  144  -0.516  -0.022   0.394
  145  -0.102  -0.969  -0.099
  146   1.067  -0.478   1.020
  147   1.546  -0.983  -0.080
  148  -0.458  -0.689   1.098
  149  -0.157  -0.215   0.398
  150   0.271   0.497   1.267
  151   0.087   0.734   0.551
  152   0.710   0.564   0.746
  153   0.881  -0.271  -0.408
  154   0.076  -0.270   0.923
  155  -0.044  -0.889   0.001
  156   0.692  -0.148  -0.326
  157  -0.148  -0.292   0.210
  158  -0.686  -0.941  -0.058
  159  -0.931   0.853  -0.514
  160  -0.824   0.242   0.232
  161  -0.972   1.400   0.845
           1
         161
