  # There has been       50000 steps
 # The current temp is  0.522997677    
 # Number of atoms
         161
 # X(i)Y(i)Z(i)
    1   1 CA GLY -17.241 -19.179  57.653   1.000
    2   2 CA PRO -13.890 -20.695  56.749   1.000
    3   3 CA CYS -15.706 -23.093  59.160   1.000
    4   4 CA SER -18.501 -23.177  56.777   1.000
    5   5 CA SER -19.532 -25.676  59.463   1.000
    6   6 CA LEU -17.110 -28.347  58.239   1.000
    7   7 CA THR -19.256 -28.523  55.180   1.000
    8   8 CA GLY -17.528 -31.559  54.145   1.000
    9   9 CA PHE -14.344 -29.750  53.845   1.000
   10  10 CA SER -12.230 -32.730  52.982   1.000
   11  11 CA ASN  -9.036 -30.894  53.754   1.000
   12  12 CA TRP -11.077 -27.756  53.790   1.000
   13  13 CA SER  -8.160 -25.746  52.842   1.000
   14  14 CA ALA -10.537 -23.289  51.146   1.000
   15  15 CA ALA  -8.826 -24.178  47.917   1.000
   16  16 CA ILE -12.164 -23.032  46.312   1.000
   17  17 CA ALA -13.827 -25.977  47.919   1.000
   18  18 CA PRO -15.817 -25.578  44.657   1.000
   19  19 CA SER -18.006 -27.268  47.162   1.000
   20  20 CA SER -18.907 -29.999  44.654   1.000
   21  21 CA SER -19.417 -27.624  41.799   1.000
   22  22 CA THR -22.788 -26.258  43.001   1.000
   23  23 CA ILE -21.002 -23.777  40.771   1.000
   24  24 CA ILE -24.569 -23.137  39.566   1.000
   25  25 CA ASN -25.499 -21.919  43.009   1.000
   26  26 CA GLU -25.020 -18.218  42.229   1.000
   27  27 CA ASP -28.646 -18.139  41.373   1.000
   28  28 CA ALA -27.789 -14.926  39.639   1.000
   29  29 CA SER -30.996 -15.192  37.552   1.000
   30  30 CA PHE -29.316 -14.040  34.369   1.000
   31  31 CA PHE -27.046 -16.956  33.943   1.000
   32  32 CA HIS -29.775 -19.152  35.254   1.000
   33  33 CA GLN -28.530 -21.580  32.778   1.000
   34  34 CA GLY -29.812 -24.178  35.229   1.000
   35  35 CA GLY -33.411 -23.538  34.253   1.000
   36  36 CA VAL -32.734 -27.146  33.402   1.000
   37  37 CA PRO -35.780 -26.596  31.226   1.000
   38  38 CA ALA -33.342 -23.819  30.352   1.000
   39  39 CA ALA -35.793 -22.872  27.675   1.000
   40  40 CA SER -37.252 -19.972  29.635   1.000
   41  41 CA ALA -35.017 -17.779  27.630   1.000
   42  42 CA ASN -32.405 -17.791  30.367   1.000
   43  43 CA ASN -29.515 -18.187  27.916   1.000
   44  44 CA GLY -31.979 -19.568  25.593   1.000
   45  45 CA ALA -29.770 -22.658  24.901   1.000
   46  46 CA LEU -26.624 -20.772  25.487   1.000
   47  47 CA LEU -27.052 -19.300  22.050   1.000
   48  48 CA PHE -24.362 -16.660  22.551   1.000
   49  49 CA GLN -22.030 -18.618  20.299   1.000
   50  50 CA ASN -20.525 -21.135  22.827   1.000
   51  51 CA PHE -17.124 -19.704  22.067   1.000
   52  52 CA PRO -15.790 -23.169  22.358   1.000
   53  53 CA HIS -13.166 -21.868  19.935   1.000
   54  54 CA HIS -10.259 -23.575  21.602   1.000
   55  55 CA VAL  -8.193 -24.150  18.520   1.000
   56  56 CA SER  -9.709 -27.498  17.650   1.000
   57  57 CA PRO  -9.165 -28.365  21.267   1.000
   58  58 CA GLY  -5.692 -27.136  20.108   1.000
   59  59 CA PHE  -4.501 -25.587  23.282   1.000
   60  60 CA GLY  -2.016 -23.238  21.716   1.000
   61  61 CA GLY  -1.094 -26.122  19.449   1.000
   62  62 CA SER   2.115 -27.099  21.294   1.000
   63  63 CA PHE   3.874 -24.244  19.469   1.000
   64  64 CA SER   4.608 -25.605  16.147   1.000
   65  65 CA PRO   5.752 -29.080  16.981   1.000
   66  66 CA GLN   8.949 -27.074  16.438   1.000
   67  67 CA ILE   9.877 -29.673  13.938   1.000
   68  68 CA GLY   8.872 -27.800  10.723   1.000
   69  69 CA PRO   9.736 -30.638   8.500   1.000
   70  70 CA LEU  12.795 -28.479   7.968   1.000
   71  71 CA SER  13.768 -30.552   5.030   1.000
   72  72 CA GLN  17.434 -29.922   5.546   1.000
   73  73 CA HIS  18.070 -33.516   4.457   1.000
   74  74 CA HIS  21.229 -33.662   6.465   1.000
   75  75 CA PRO  20.670 -30.056   7.552   1.000
   76  76 CA HIS  24.510 -30.098   7.572   1.000
   77  77 CA HIS  23.700 -30.669   3.902   1.000
   78  78 CA PRO  26.948 -28.679   3.391   1.000
   79  79 CA HIS  26.810 -31.452   0.731   1.000
   80  80 CA PHE  23.064 -31.005   0.431   1.000
   81  81 CA GLN  22.277 -34.289  -1.053   1.000
   82  82 CA HIS  19.091 -33.445  -3.073   1.000
   83  83 CA HIS  19.739 -30.326  -1.037   1.000
   84  84 CA HIS  16.204 -29.302  -0.669   1.000
   85  85 CA SER  16.988 -26.399  -2.931   1.000
   86  86 CA GLN  20.508 -27.679  -3.456   1.000
   87  87 CA HIS  19.998 -29.042  -6.931   1.000
   88  88 CA GLN  23.198 -30.922  -7.411   1.000
   89  89 CA GLN  24.666 -28.080  -5.475   1.000
   90  90 CA GLN  27.533 -29.934  -6.935   1.000
   91  91 CA ARG  25.442 -33.122  -7.371   1.000
   92  92 CA ARG  27.496 -34.599  -4.431   1.000
   93  93 CA SER  30.891 -34.339  -5.879   1.000
   94  94 CA PRO  31.814 -36.931  -3.255   1.000
   95  95 CA ALA  31.315 -38.562  -6.693   1.000
   96  96 CA SER  30.083 -41.695  -4.910   1.000
   97  97 CA PRO  32.631 -43.637  -7.058   1.000
   98  98 CA HIS  31.110 -41.025  -9.368   1.000
   99  99 CA PRO  34.242 -41.129 -11.492   1.000
  100 100 CA PRO  32.430 -43.373 -13.938   1.000
  101 101 CA PRO  34.596 -41.384 -16.322   1.000
  102 102 CA PHE  31.244 -39.657 -16.399   1.000
  103 103 CA THR  28.971 -42.673 -16.195   1.000
  104 104 CA HIS  25.998 -40.506 -15.316   1.000
  105 105 CA ARG  28.114 -37.365 -15.971   1.000
  106 106 CA ASN  28.183 -36.777 -12.294   1.000
  107 107 CA ALA  24.497 -37.537 -12.037   1.000
  108 108 CA ALA  23.872 -34.760 -14.439   1.000
  109 109 CA PHE  20.901 -36.684 -15.555   1.000
  110 110 CA ASN  21.337 -35.025 -18.854   1.000
  111 111 CA GLN  23.723 -32.868 -16.892   1.000
  112 112 CA LEU  24.286 -30.129 -19.468   1.000
  113 113 CA PRO  23.394 -32.343 -22.379   1.000
  114 114 CA HIS  25.780 -29.657 -23.519   1.000
  115 115 CA LEU  24.868 -29.146 -27.246   1.000
  116 116 CA ALA  25.687 -32.671 -28.188   1.000
  117 117 CA ASN  29.141 -31.300 -28.282   1.000
  118 118 CA ASN  27.932 -29.413 -31.391   1.000
  119 119 CA LEU  30.652 -26.792 -31.192   1.000
  120 120 CA ASN  32.596 -28.580 -28.433   1.000
  121 121 CA LYS  35.817 -26.684 -29.037   1.000
  122 122 CA PRO  36.379 -26.245 -25.329   1.000
  123 123 CA PRO  36.005 -22.475 -25.918   1.000
  124 124 CA SER  38.475 -21.905 -23.198   1.000
  125 125 CA PRO  39.132 -25.620 -23.495   1.000
  126 126 CA TRP  42.119 -23.415 -23.948   1.000
  127 127 CA SER  44.100 -26.083 -22.198   1.000
  128 128 CA SER  47.210 -23.970 -21.936   1.000
  129 129 CA TYR  49.140 -25.467 -24.831   1.000
  130 130 CA GLN  52.140 -24.945 -22.597   1.000
  131 131 CA SER  52.725 -21.464 -23.962   1.000
  132 132 CA PRO  54.190 -21.219 -20.558   1.000
  133 133 CA SER  55.093 -24.573 -22.028   1.000
  134 134 CA PRO  58.604 -24.003 -20.776   1.000
  135 135 CA THR  57.567 -20.667 -19.156   1.000
  136 136 CA PRO  61.096 -19.616 -19.834   1.000
  137 137 CA SER  60.542 -19.326 -16.027   1.000
  138 138 CA SER  63.428 -16.970 -16.529   1.000
  139 139 CA SER  60.881 -15.271 -18.889   1.000
  140 140 CA TRP  63.755 -12.777 -18.932   1.000
  141 141 CA SER  62.585 -11.561 -22.319   1.000
  142 142 CA PRO  65.541  -9.225 -22.788   1.000
  143 143 CA GLY  65.084  -9.482 -19.064   1.000
  144 144 CA GLY  68.747  -8.898 -18.015   1.000
  145 145 CA GLY  69.900  -9.523 -21.492   1.000
  146 146 CA GLY  73.459  -9.850 -20.107   1.000
  147 147 CA TYR  74.985  -9.389 -23.587   1.000
  148 148 CA GLY  78.729  -9.742 -22.817   1.000
  149 149 CA GLY  78.684  -6.007 -22.732   1.000
  150 150 CA TRP  81.870  -6.411 -20.755   1.000
  151 151 CA GLY  84.220  -7.121 -23.556   1.000
  152 152 CA GLY  84.203  -3.766 -25.290   1.000
  153 153 CA SER  82.258  -1.938 -22.567   1.000
  154 154 CA GLN  83.230   1.148 -24.444   1.000
  155 155 CA GLY  82.186  -0.964 -27.406   1.000
  156 156 CA ARG  83.224   1.581 -29.908   1.000
  157 157 CA ASP  85.549   2.912 -27.244   1.000
  158 158 CA HIS  88.214   1.617 -29.533   1.000
  159 159 CA ARG  90.881   3.727 -28.035   1.000
  160 160 CA ARG  93.606   2.135 -30.117   1.000
  161 161 CA CYS  96.171   1.876 -27.298   1.000
    1  -0.424   0.533   0.010
    2  -0.534  -1.292  -0.749
    3  -0.260  -0.178   0.278
    4  -0.647  -0.172  -0.466
    5  -0.341  -0.436  -0.240
    6  -1.031  -0.396   0.161
    7  -0.180   0.666  -1.327
    8  -0.212   0.720  -1.036
    9   0.375   0.368   1.216
   10   0.641  -0.205   0.095
   11  -0.206  -0.493  -0.588
   12   0.045   0.370   0.696
   13  -0.337  -0.276  -0.930
   14  -0.430   0.146  -0.472
   15   0.107  -0.173   1.123
   16   0.201  -0.350   0.456
   17  -0.161  -0.745  -0.653
   18  -0.390   0.285   0.842
   19   0.060   0.630  -0.773
   20   1.123  -0.393  -0.125
   21  -0.319   0.338   0.917
   22  -0.956  -0.270   0.083
   23  -0.162   0.082   1.014
   24   0.435   1.019   0.043
   25   0.657  -0.297   0.847
   26   0.437  -0.149   0.267
   27   1.282   0.815  -0.906
   28   0.138  -1.032   0.339
   29  -1.202  -0.077  -0.743
   30  -0.671   0.481  -0.049
   31  -0.719  -0.035  -0.376
   32   0.082   1.123   1.477
   33   1.613   0.291  -0.342
   34  -0.523   1.099   0.678
   35  -0.520   0.480  -0.471
   36  -0.496  -0.212  -0.963
   37   0.824  -1.028   0.144
   38   0.242  -0.228   0.417
   39  -0.132  -1.102  -1.040
   40   2.090   0.738  -0.484
   41  -0.704   0.201  -1.425
   42  -1.778  -0.416  -0.443
   43   0.826  -0.145  -1.816
   44  -0.569  -0.004  -0.935
   45   0.461  -0.764  -0.136
   46  -0.808   0.369  -1.069
   47  -0.066   0.732  -0.735
   48  -0.509  -0.640   0.082
   49   0.206   0.465   0.415
   50  -0.071  -0.683  -0.156
   51   1.070   0.816  -0.244
   52  -0.840   0.569   0.003
   53  -0.262  -0.542  -0.012
   54  -0.203   0.207   1.050
   55   0.191   0.848  -0.022
   56   0.298   0.382  -0.337
   57   0.369   0.546  -1.044
   58   1.184  -0.048  -0.248
   59   0.419  -0.605  -0.623
   60   0.582  -0.756  -0.418
   61   0.336  -0.191   0.873
   62   1.943   0.014   0.105
   63   0.761  -1.427  -0.895
   64  -0.519   0.673   0.193
   65   0.910  -0.016   0.384
   66  -0.454  -1.587  -1.228
   67  -0.585  -1.273  -1.463
   68  -0.001   0.592  -1.518
   69  -0.969   0.254   0.290
   70  -1.453   0.943   0.358
   71  -0.035   0.856   0.069
   72  -0.450   1.230  -0.518
   73  -0.359   0.674  -0.169
   74   0.391   0.317   0.689
   75  -0.524  -0.418   0.263
   76  -0.018   1.383   0.483
   77  -0.831   0.780  -0.010
   78  -0.054   0.603  -0.413
   79  -0.373   0.438   0.575
   80   0.840  -0.124  -0.143
   81  -0.424   0.062  -0.682
   82   0.082   1.452   0.359
   83   1.382   0.237  -0.707
   84  -0.205   0.598  -0.010
   85  -0.542   1.130   0.913
   86  -0.719  -0.549  -0.967
   87  -0.731  -0.460   0.669
   88  -0.081   1.152  -0.303
   89  -0.490   1.094  -0.166
   90   0.636  -0.114  -0.366
   91   0.697  -0.633  -0.361
   92   1.000  -0.383  -0.393
   93   0.029  -0.157   0.492
   94   0.075   2.875  -0.194
   95   1.126  -0.134   0.511
   96   0.852  -0.174  -1.553
   97  -1.007  -0.895  -0.306
   98  -0.118   0.884   0.326
   99   0.606   0.617  -0.970
  100  -0.767   0.407   0.607
  101   0.935   0.599  -0.728
  102  -0.260  -0.627   0.055
  103   0.757   0.031  -0.201
  104  -0.681   0.507   0.169
  105  -0.261   0.315  -1.098
  106  -0.740  -0.330   0.209
  107  -0.512  -0.972  -0.703
  108  -1.131   0.632  -0.214
  109   0.310  -0.657  -0.677
  110   0.105   0.292  -0.024
  111  -1.534   1.141   0.368
  112  -0.615  -0.700  -1.016
  113   0.159  -1.227  -0.450
  114   1.664  -0.668  -0.295
  115   0.036   0.425   1.317
  116  -0.212   0.168  -0.802
  117   0.839  -0.421   1.672
  118   0.620  -1.039  -0.718
  119   1.241   1.523   0.399
  120   0.210   0.372  -0.800
  121   0.176  -0.845   1.132
  122   0.482   0.455  -0.328
  123   0.089   0.873  -0.477
  124  -0.043   0.333  -1.762
  125  -0.246   0.187   0.164
  126   0.836   1.379  -0.197
  127  -0.191  -0.710   0.484
  128  -1.724  -0.007  -0.569
  129   0.332  -0.116   0.649
  130   0.678  -1.231  -0.571
  131   0.026  -0.652  -0.162
  132   0.413  -0.150  -0.550
  133   0.012  -0.639   1.055
  134  -0.108   0.317  -0.808
  135  -0.535  -0.040  -0.022
  136  -0.812  -1.071   1.204
  137  -0.486  -0.171  -0.845
  138   0.546   0.792   0.875
  139   0.275  -0.547  -0.375
  140  -0.421   0.198  -0.359
  141   1.065   0.492   0.830
  142   0.263  -0.369   0.972
  143  -0.040  -0.247  -0.227
  144  -0.563  -0.983   0.074
  145  -1.121   0.760   0.379
  146  -0.274  -1.595   0.085
  147   1.041  -2.743  -0.140
  148  -0.340  -1.110  -0.041
  149  -0.095  -0.176  -0.810
  150   0.869  -0.471  -0.253
  151   0.852   0.399  -0.297
  152   0.200   0.870   1.107
  153   1.006  -0.430   0.088
  154  -0.054   0.054  -0.496
  155   1.189   0.289  -0.351
  156  -1.056  -0.898  -1.504
  157   0.492  -1.967  -0.512
  158   0.501   0.564  -0.275
  159  -0.351   0.310  -0.631
  160  -0.294   0.170   0.145
  161  -0.188   0.162  -0.226
           1
         161
