  # There has been        5000 steps
 # The current temp is  0.247960523    
 # Number of atoms
          56
 # X(i)Y(i)Z(i)
    1   1 CA THR  20.676   8.236   0.474   1.000
    2   2 CA PHE  17.054   7.027  -0.242   1.000
    3   3 CA VAL  14.738   4.626   1.475   1.000
    4   4 CA ALA  12.870   1.334   0.529   1.000
    5   5 CA LEU   9.289   2.437   0.722   1.000
    6   6 CA TYR   8.421  -1.284  -0.071   1.000
    7   7 CA ASP  10.017  -4.620  -0.733   1.000
    8   8 CA TYR   9.725  -4.711  -4.565   1.000
    9   9 CA GLU   9.497  -8.447  -5.160   1.000
   10  10 CA SER  10.876  -8.168  -8.756   1.000
   11  11 CA ARG  10.060 -11.187 -10.910   1.000
   12  12 CA THR  12.812 -11.147 -13.535   1.000
   13  13 CA GLU  16.486 -11.827 -12.700   1.000
   14  14 CA THR  17.646  -8.591 -14.332   1.000
   15  15 CA ASP  16.134  -6.612 -11.436   1.000
   16  16 CA LEU  16.964  -7.489  -7.741   1.000
   17  17 CA SER  14.134  -7.356  -5.149   1.000
   18  18 CA PHE  15.167  -5.283  -2.191   1.000
   19  19 CA LYS  13.331  -4.760   1.126   1.000
   20  20 CA LYS  12.007  -1.908   3.289   1.000
   21  21 CA GLY  14.290  -0.332   5.939   1.000
   22  22 CA GLU  17.343  -1.344   4.009   1.000
   23  23 CA ARG  19.735   1.339   2.849   1.000
   24  24 CA LEU  20.166   1.656  -0.927   1.000
   25  25 CA GLN  22.240   4.197  -2.888   1.000
   26  26 CA ILE  20.145   5.491  -5.874   1.000
   27  27 CA VAL  22.072   5.848  -9.122   1.000
   28  28 CA ASN  20.017   7.681 -11.795   1.000
   29  29 CA ASN  16.383   8.307 -12.845   1.000
   30  30 CA THR  14.943  10.945 -10.440   1.000
   31  31 CA GLU  11.377  11.019 -11.770   1.000
   32  32 CA GLY   8.991   8.062 -11.238   1.000
   33  33 CA ASP  10.047   5.033 -13.324   1.000
   34  34 CA TRP  12.712   2.489 -12.336   1.000
   35  35 CA TRP  16.008   3.963 -11.194   1.000
   36  36 CA LEU  18.829   1.476 -10.561   1.000
   37  37 CA ALA  20.015   1.535  -6.930   1.000
   38  38 CA HIS  23.115  -0.260  -5.509   1.000
   39  39 CA SER  23.573  -1.779  -2.037   1.000
   40  40 CA LEU  26.583  -0.573  -0.058   1.000
   41  41 CA THR  27.040  -3.902   1.738   1.000
   42  42 CA THR  27.820  -6.460  -0.957   1.000
   43  43 CA GLY  27.652  -4.125  -3.939   1.000
   44  44 CA GLN  25.042  -5.763  -6.184   1.000
   45  45 CA THR  22.855  -4.117  -8.851   1.000
   46  46 CA GLY  19.070  -4.113  -8.465   1.000
   47  47 CA TYR  16.450  -1.928 -10.211   1.000
   48  48 CA ILE  14.359  -0.416  -7.354   1.000
   49  49 CA PRO  10.930   0.972  -8.249   1.000
   50  50 CA SER  10.721   4.750  -7.708   1.000
   51  51 CA ASN   7.228   4.352  -6.203   1.000
   52  52 CA TYR   8.845   1.804  -3.772   1.000
   53  53 CA VAL  11.636   4.255  -2.778   1.000
   54  54 CA ALA  11.837   7.895  -1.664   1.000
   55  55 CA PRO  14.682  10.371  -1.076   1.000
   56  56 CA SER  14.728  10.058   2.729   1.000
    1   0.524  -0.689  -0.177
    2  -0.080  -0.434   0.439
    3  -0.300  -0.837  -0.145
    4  -0.064   0.518   0.239
    5  -0.236  -0.803  -0.352
    6  -0.295  -0.142   0.348
    7  -0.317  -0.533   0.148
    8   0.163   0.595   0.153
    9  -0.117  -0.223  -0.375
   10  -0.300  -0.166   0.883
   11   0.832  -1.345   0.291
   12  -0.602   0.287  -0.634
   13   0.109  -0.386  -0.426
   14  -0.925   0.030  -0.605
   15  -0.917   0.513  -0.121
   16   0.035  -0.142   0.347
   17  -0.392   0.017  -0.346
   18  -0.653   0.066  -0.668
   19   0.800  -0.717  -0.551
   20  -0.250  -0.385   0.638
   21   0.090   0.271  -0.565
   22  -0.321  -0.378  -0.775
   23   0.454   0.027   0.075
   24  -0.086  -0.348  -0.093
   25   0.406  -0.034  -0.442
   26  -0.161   0.247   0.450
   27   0.639   0.280   0.662
   28   0.527   0.047  -0.651
   29   0.023   0.524   0.496
   30  -0.737  -0.173   0.153
   31  -0.205  -0.093  -0.186
   32  -0.437   0.044   0.731
   33  -0.172   0.240   0.000
   34   0.065   0.063   0.076
   35   1.091   0.424  -1.272
   36   0.473   0.015   0.398
   37   0.472  -0.251  -0.094
   38  -0.054  -1.126   0.562
   39  -0.255  -0.323   0.381
   40  -0.385  -0.231  -0.470
   41   0.396  -0.406  -0.890
   42  -0.462  -0.775  -0.419
   43  -0.535   0.082  -0.620
   44   0.107  -0.476   0.406
   45  -0.017  -0.950  -0.154
   46   0.327  -0.494  -0.779
   47   0.210  -0.346   0.031
   48  -0.425   0.190  -0.477
   49  -0.146   1.390   0.785
   50  -0.016   0.509  -0.483
   51   0.403  -0.384   0.280
   52   0.163   0.046   0.932
   53   0.286   0.425  -0.552
   54   0.939  -0.352   0.075
   55   0.545  -0.666  -0.149
   56   0.221  -0.753   0.734
           1
          56
