  # There has been        5000 steps
 # The current temp is  0.584784806    
 # Number of atoms
         161
 # X(i)Y(i)Z(i)
    1   1 CA GLY -62.283 -16.122  56.903   1.000
    2   2 CA PRO -59.141 -14.906  55.077   1.000
    3   3 CA CYS -57.921 -15.499  58.623   1.000
    4   4 CA SER -54.754 -16.947  57.204   1.000
    5   5 CA SER -53.634 -13.300  56.962   1.000
    6   6 CA LEU -51.838 -12.801  60.224   1.000
    7   7 CA THR -52.778 -15.997  61.996   1.000
    8   8 CA GLY -49.530 -17.044  60.370   1.000
    9   9 CA PHE -49.590 -20.308  62.277   1.000
   10  10 CA SER -47.506 -18.225  64.715   1.000
   11  11 CA ASN -45.375 -21.166  65.773   1.000
   12  12 CA TRP -43.483 -21.123  62.551   1.000
   13  13 CA SER -41.447 -24.287  62.948   1.000
   14  14 CA ALA -40.545 -23.469  66.431   1.000
   15  15 CA ALA -36.915 -24.010  65.745   1.000
   16  16 CA ILE -37.241 -26.543  63.081   1.000
   17  17 CA ALA -35.627 -28.491  65.848   1.000
   18  18 CA PRO -32.754 -30.006  63.826   1.000
   19  19 CA SER -30.713 -28.684  66.769   1.000
   20  20 CA SER -28.047 -31.232  66.086   1.000
   21  21 CA SER -30.517 -33.988  66.499   1.000
   22  22 CA THR -27.746 -36.064  65.070   1.000
   23  23 CA ILE -25.340 -33.241  65.472   1.000
   24  24 CA ILE -22.690 -35.272  63.647   1.000
   25  25 CA ASN -21.209 -36.085  67.008   1.000
   26  26 CA GLU -18.460 -36.098  64.471   1.000
   27  27 CA ASP -15.729 -36.203  67.042   1.000
   28  28 CA ALA -16.781 -39.783  67.732   1.000
   29  29 CA SER -13.068 -40.493  67.502   1.000
   30  30 CA PHE -13.581 -41.600  63.905   1.000
   31  31 CA PHE -13.141 -45.349  64.644   1.000
   32  32 CA HIS -15.482 -46.641  61.985   1.000
   33  33 CA GLN -14.491 -50.272  62.022   1.000
   34  34 CA GLY -17.499 -50.727  59.720   1.000
   35  35 CA GLY -15.338 -53.357  58.104   1.000
   36  36 CA VAL -14.427 -52.200  54.602   1.000
   37  37 CA PRO -14.349 -55.846  53.599   1.000
   38  38 CA ALA -10.799 -54.902  52.737   1.000
   39  39 CA ALA -10.095 -58.609  53.230   1.000
   40  40 CA SER  -6.291 -58.342  53.642   1.000
   41  41 CA ALA  -6.564 -57.652  49.913   1.000
   42  42 CA ASN  -4.504 -60.787  49.601   1.000
   43  43 CA ASN  -1.633 -58.551  48.427   1.000
   44  44 CA GLY  -1.421 -60.434  45.170   1.000
   45  45 CA ALA   1.088 -58.397  43.273   1.000
   46  46 CA LEU   2.355 -58.611  46.874   1.000
   47  47 CA LEU   5.799 -59.128  45.420   1.000
   48  48 CA PHE   6.078 -55.777  43.718   1.000
   49  49 CA GLN   9.815 -56.035  43.430   1.000
   50  50 CA ASN   9.374 -59.684  42.575   1.000
   51  51 CA PHE  12.578 -58.680  40.817   1.000
   52  52 CA PRO  14.993 -61.457  41.450   1.000
   53  53 CA HIS  16.728 -58.390  39.994   1.000
   54  54 CA HIS  16.108 -56.092  42.900   1.000
   55  55 CA VAL  19.807 -55.294  43.412   1.000
   56  56 CA SER  18.493 -53.318  46.345   1.000
   57  57 CA PRO  21.017 -50.637  45.532   1.000
   58  58 CA GLY  23.013 -52.577  48.039   1.000
   59  59 CA PHE  26.071 -50.449  47.428   1.000
   60  60 CA GLY  27.504 -52.005  50.599   1.000
   61  61 CA GLY  30.728 -51.433  48.748   1.000
   62  62 CA SER  28.623 -51.586  45.719   1.000
   63  63 CA PHE  30.767 -49.626  43.279   1.000
   64  64 CA SER  33.966 -51.566  43.319   1.000
   65  65 CA PRO  33.168 -51.238  39.633   1.000
   66  66 CA GLN  33.540 -54.985  39.959   1.000
   67  67 CA ILE  36.751 -54.359  37.964   1.000
   68  68 CA GLY  38.617 -53.550  41.156   1.000
   69  69 CA PRO  39.448 -50.250  39.444   1.000
   70  70 CA LEU  42.337 -52.548  38.428   1.000
   71  71 CA SER  42.222 -50.261  35.462   1.000
   72  72 CA GLN  45.056 -48.407  37.069   1.000
   73  73 CA HIS  45.480 -46.498  33.913   1.000
   74  74 CA HIS  49.199 -46.773  33.289   1.000
   75  75 CA PRO  48.695 -44.462  30.350   1.000
   76  76 CA HIS  45.376 -45.864  31.532   1.000
   77  77 CA HIS  45.072 -48.510  28.848   1.000
   78  78 CA PRO  41.329 -47.553  28.984   1.000
   79  79 CA HIS  42.043 -48.363  25.337   1.000
   80  80 CA PHE  44.428 -45.479  25.651   1.000
   81  81 CA GLN  44.850 -46.482  22.106   1.000
   82  82 CA HIS  41.094 -46.458  21.961   1.000
   83  83 CA HIS  41.185 -48.920  19.195   1.000
   84  84 CA HIS  38.061 -47.304  18.001   1.000
   85  85 CA SER  38.379 -44.850  20.912   1.000
   86  86 CA GLN  34.764 -43.878  20.642   1.000
   87  87 CA HIS  33.895 -45.487  17.348   1.000
   88  88 CA GLN  34.634 -42.222  15.604   1.000
   89  89 CA GLN  32.404 -39.918  17.577   1.000
   90  90 CA GLN  33.625 -37.111  15.322   1.000
   91  91 CA ARG  34.565 -39.512  12.552   1.000
   92  92 CA ARG  33.379 -37.849   9.372   1.000
   93  93 CA SER  36.978 -36.546   9.320   1.000
   94  94 CA PRO  35.119 -33.251   9.202   1.000
   95  95 CA ALA  38.386 -32.665   7.276   1.000
   96  96 CA SER  35.959 -30.812   5.180   1.000
   97  97 CA PRO  37.987 -27.955   6.530   1.000
   98  98 CA HIS  39.481 -28.798   3.118   1.000
   99  99 CA PRO  37.113 -26.053   1.926   1.000
  100 100 CA PRO  40.576 -25.114   0.627   1.000
  101 101 CA PRO  39.386 -25.371  -3.057   1.000
  102 102 CA PHE  42.065 -22.658  -3.282   1.000
  103 103 CA THR  40.030 -19.983  -4.837   1.000
  104 104 CA HIS  40.259 -19.125  -1.246   1.000
  105 105 CA ARG  42.695 -16.253  -1.709   1.000
  106 106 CA ASN  41.408 -15.126  -5.123   1.000
  107 107 CA ALA  40.687 -12.008  -3.135   1.000
  108 108 CA ALA  44.290 -11.939  -2.041   1.000
  109 109 CA PHE  43.783 -10.674   1.466   1.000
  110 110 CA ASN  41.153  -8.391   0.067   1.000
  111 111 CA GLN  42.896  -5.040  -0.127   1.000
  112 112 CA LEU  43.044  -5.453  -3.915   1.000
  113 113 CA PRO  46.215  -3.463  -4.373   1.000
  114 114 CA HIS  44.660  -2.276  -7.554   1.000
  115 115 CA LEU  48.156  -0.987  -7.886   1.000
  116 116 CA ALA  47.532   2.195  -9.667   1.000
  117 117 CA ASN  45.707   3.764  -6.753   1.000
  118 118 CA ASN  48.562   6.267  -6.885   1.000
  119 119 CA LEU  46.714   9.558  -6.714   1.000
  120 120 CA ASN  43.623   7.428  -6.159   1.000
  121 121 CA LYS  41.210   9.895  -7.550   1.000
  122 122 CA PRO  38.482   9.095  -5.065   1.000
  123 123 CA PRO  37.400  12.700  -5.455   1.000
  124 124 CA SER  33.991  10.924  -5.410   1.000
  125 125 CA PRO  32.705  13.602  -7.889   1.000
  126 126 CA TRP  33.895  15.688  -4.912   1.000
  127 127 CA SER  32.638  18.827  -6.618   1.000
  128 128 CA SER  33.829  18.232 -10.162   1.000
  129 129 CA TYR  34.322  21.774 -11.298   1.000
  130 130 CA GLN  37.635  20.520 -12.427   1.000
  131 131 CA SER  36.542  20.994 -15.975   1.000
  132 132 CA PRO  39.018  23.768 -15.671   1.000
  133 133 CA SER  41.295  21.226 -17.254   1.000
  134 134 CA PRO  39.185  21.687 -20.291   1.000
  135 135 CA THR  41.611  24.608 -20.428   1.000
  136 136 CA PRO  43.292  24.083 -23.825   1.000
  137 137 CA SER  40.316  25.984 -25.365   1.000
  138 138 CA SER  42.488  25.419 -28.397   1.000
  139 139 CA SER  43.261  28.979 -29.269   1.000
  140 140 CA TRP  46.044  27.891 -31.581   1.000
  141 141 CA SER  46.378  30.605 -34.043   1.000
  142 142 CA PRO  48.594  28.503 -36.338   1.000
  143 143 CA GLY  45.541  26.667 -37.780   1.000
  144 144 CA GLY  44.381  29.167 -40.350   1.000
  145 145 CA GLY  47.765  28.892 -42.050   1.000
  146 146 CA GLY  45.761  30.695 -44.669   1.000
  147 147 CA TYR  48.167  30.581 -47.598   1.000
  148 148 CA GLY  48.609  26.946 -46.840   1.000
  149 149 CA GLY  52.196  26.821 -48.082   1.000
  150 150 CA TRP  50.907  28.868 -50.979   1.000
  151 151 CA GLY  53.082  27.555 -53.779   1.000
  152 152 CA GLY  50.824  29.083 -56.333   1.000
  153 153 CA SER  52.364  27.298 -59.245   1.000
  154 154 CA GLN  51.329  30.249 -61.330   1.000
  155 155 CA GLY  54.082  29.161 -63.712   1.000
  156 156 CA ARG  56.257  27.797 -60.919   1.000
  157 157 CA ASP  58.340  25.718 -63.368   1.000
  158 158 CA HIS  59.712  28.864 -64.887   1.000
  159 159 CA ARG  59.919  27.620 -68.463   1.000
  160 160 CA ARG  56.717  25.583 -68.563   1.000
  161 161 CA CYS  55.477  28.460 -70.635   1.000
    1  -0.379   0.832   0.452
    2   0.476  -0.457   0.077
    3   0.110   0.936   1.508
    4  -0.682  -0.247   0.134
    5   0.749  -0.501  -0.617
    6   1.449  -0.045   0.403
    7   0.613   1.083   0.144
    8  -0.758  -0.684  -0.790
    9  -0.955   0.434  -0.098
   10   0.666  -0.234   0.108
   11   0.622   0.033  -0.079
   12   0.984   1.388  -0.336
   13   0.077  -0.063  -0.238
   14  -0.155  -1.879  -0.185
   15  -1.191  -0.824   0.115
   16  -1.350  -0.804   0.277
   17  -0.206  -0.902  -0.366
   18  -0.707  -1.103   0.375
   19  -0.292  -0.389   0.669
   20  -0.211  -0.208  -0.621
   21  -0.607  -1.261  -0.211
   22   0.700  -0.150   0.613
   23  -1.205  -0.131   1.035
   24  -1.849  -1.657   1.269
   25   0.776  -0.180   0.732
   26   0.356   0.038  -1.013
   27  -1.080   0.973   0.019
   28  -0.073   0.450  -1.053
   29  -1.235   0.639  -1.086
   30   0.870   0.270  -0.813
   31  -1.467   0.923   1.073
   32  -0.651   0.634   0.075
   33  -0.923   0.355  -0.696
   34  -0.120   0.765  -1.676
   35  -1.327   0.630  -1.559
   36   0.174   0.806  -0.136
   37  -0.768   0.481   1.143
   38  -0.065  -1.018   0.568
   39  -0.810  -0.605  -0.192
   40  -1.435   1.016   0.089
   41  -0.083  -0.795   0.238
   42   0.732  -0.627   0.020
   43   0.644  -0.468   0.262
   44  -0.818   0.558   0.546
   45  -0.242  -0.214   1.289
   46   0.418  -0.590   0.849
   47   0.330   0.654   0.349
   48   0.179  -0.162   1.440
   49  -0.257  -0.568  -1.077
   50  -0.222  -0.970   0.152
   51   0.133  -1.102  -0.380
   52   0.033   0.048   1.593
   53  -0.403  -0.259  -1.640
   54  -0.196  -1.002  -0.449
   55  -0.383   0.398  -1.514
   56  -0.671   0.678  -0.261
   57  -0.310  -1.874   0.391
   58  -0.036   0.234   1.437
   59   0.236  -0.115  -0.522
   60  -0.148  -0.625   0.359
   61   0.008  -1.268   0.559
   62   0.305   1.289   0.443
   63  -0.849   0.615   0.242
   64   0.278  -0.259   0.257
   65  -0.318  -1.533   0.082
   66  -0.316  -1.145  -1.642
   67  -0.158  -0.805  -0.868
   68  -0.150  -0.266  -0.463
   69   0.229   1.290   1.329
   70   0.045   0.346   0.106
   71   0.940  -0.402  -1.046
   72   0.514  -0.288   0.235
   73   1.925  -0.427   0.556
   74   1.539  -0.489  -0.306
   75  -0.196   0.479  -0.116
   76  -1.500  -0.089  -0.918
   77  -0.259  -0.506  -0.478
   78  -0.423   1.921   0.680
   79  -0.115  -0.671   0.308
   80   1.000  -0.497   1.041
   81  -0.545  -0.574   0.799
   82  -0.859  -2.100   0.481
   83  -0.209   0.061   0.102
   84   0.058   0.372  -0.849
   85   1.227  -0.147   0.062
   86   1.082  -1.051   0.180
   87   0.386   0.322  -0.604
   88   0.102   0.905  -0.068
   89  -0.059  -0.284   0.817
   90  -0.726  -0.033   0.316
   91   0.056   0.523  -0.196
   92  -0.113  -0.050  -0.268
   93   0.001   1.166   0.943
   94  -0.066   0.215  -0.014
   95  -0.278  -1.039   0.005
   96  -0.086   0.096  -0.507
   97   0.723   0.105   0.307
   98  -0.731   0.906   1.426
   99   0.621  -0.695  -0.827
  100   0.894  -1.433  -0.635
  101  -0.149  -0.360   0.045
  102   0.177  -0.240   0.934
  103   0.460  -1.389   0.570
  104   0.160  -1.061  -0.023
  105   0.528  -1.179  -0.125
  106   1.006   0.374   0.272
  107   0.064  -0.261   0.146
  108  -0.112  -0.704   0.033
  109   1.800   0.073  -0.489
  110  -0.649   0.776   1.533
  111  -0.307  -0.025  -0.080
  112  -0.347   1.593  -1.158
  113   0.741   0.178  -0.118
  114  -0.511   0.620   0.876
  115  -0.330  -0.040   0.440
  116  -0.365  -0.345   0.262
  117  -0.108  -1.984   0.714
  118  -0.776  -1.094  -1.177
  119   0.145   0.175  -0.818
  120   0.646  -0.963  -0.466
  121   1.693  -0.855   0.971
  122   1.102   0.059   1.118
  123  -0.492   0.965  -0.542
  124  -0.250   1.020  -0.565
  125   1.633   0.978  -1.297
  126   0.849   1.225  -1.750
  127  -0.440   0.162   0.128
  128  -0.642   0.330  -0.709
  129   0.968   1.350   1.966
  130  -0.210  -0.067   0.156
  131   0.542  -0.195  -1.148
  132  -0.899   0.443  -0.320
  133  -0.706   0.097   0.249
  134  -0.325   1.098   0.192
  135  -0.110   0.096  -0.385
  136  -0.471   0.048  -0.212
  137  -0.283   0.573  -0.319
  138  -0.818  -1.331  -0.433
  139  -0.068  -0.444  -0.038
  140   0.537   0.104   0.461
  141   0.864   0.485   1.419
  142  -0.424   0.933  -0.211
  143  -0.447  -0.094   0.515
  144   0.258   0.830  -0.860
  145   0.672  -1.198   0.478
  146   0.154  -0.030  -0.697
  147  -0.648   0.268   0.031
  148  -0.252  -0.570  -0.636
  149   1.319  -0.114   0.511
  150   0.616   0.109   0.551
  151  -0.434  -1.252  -1.070
  152  -0.462   0.552   0.333
  153  -1.084   0.804   0.672
  154  -0.590   0.079  -0.562
  155   0.008  -0.201   0.610
  156   0.381   0.755   0.468
  157  -0.827  -0.322   0.523
  158   0.712  -0.147  -0.695
  159   1.505   0.116  -0.527
  160  -0.171   2.591   1.922
  161   0.322   0.337  -1.755
           1
         161
