  # There has been        5000 steps
 # The current temp is  0.556915522    
 # Number of atoms
         161
 # X(i)Y(i)Z(i)
    1   1 CA GLY -56.473 -32.853  66.342   1.000
    2   2 CA PRO -55.450 -29.456  64.952   1.000
    3   3 CA CYS -57.714 -30.275  62.087   1.000
    4   4 CA SER -55.438 -29.333  59.292   1.000
    5   5 CA SER -52.726 -28.193  61.565   1.000
    6   6 CA LEU -52.564 -25.631  58.848   1.000
    7   7 CA THR -49.240 -26.913  57.518   1.000
    8   8 CA GLY -48.609 -23.160  57.293   1.000
    9   9 CA PHE -49.323 -22.611  60.960   1.000
   10  10 CA SER -46.801 -19.839  60.516   1.000
   11  11 CA ASN -46.956 -19.725  64.386   1.000
   12  12 CA TRP -43.299 -20.519  64.619   1.000
   13  13 CA SER -42.764 -21.601  61.006   1.000
   14  14 CA ALA -38.969 -21.130  60.958   1.000
   15  15 CA ALA -38.965 -21.644  64.694   1.000
   16  16 CA ILE -35.334 -22.661  64.905   1.000
   17  17 CA ALA -34.014 -22.802  61.307   1.000
   18  18 CA PRO -30.957 -21.248  62.891   1.000
   19  19 CA SER -30.254 -24.349  60.777   1.000
   20  20 CA SER -27.217 -25.104  62.968   1.000
   21  21 CA SER -26.478 -28.605  61.774   1.000
   22  22 CA THR -23.408 -27.583  63.743   1.000
   23  23 CA ILE -21.211 -30.185  62.062   1.000
   24  24 CA ILE -18.055 -28.322  62.906   1.000
   25  25 CA ASN -16.434 -31.746  62.729   1.000
   26  26 CA GLU -13.307 -30.780  64.524   1.000
   27  27 CA ASP -11.337 -33.155  62.260   1.000
   28  28 CA ALA -11.261 -35.761  64.931   1.000
   29  29 CA SER  -7.687 -36.366  63.930   1.000
   30  30 CA PHE  -8.098 -40.044  64.778   1.000
   31  31 CA PHE  -4.435 -40.644  65.567   1.000
   32  32 CA HIS  -3.679 -41.298  61.914   1.000
   33  33 CA GLN  -5.351 -44.687  62.201   1.000
   34  34 CA GLY  -4.801 -46.619  58.970   1.000
   35  35 CA GLY  -6.014 -44.046  56.439   1.000
   36  36 CA VAL  -4.640 -46.048  53.542   1.000
   37  37 CA PRO  -3.670 -48.922  55.712   1.000
   38  38 CA ALA  -1.754 -48.602  52.429   1.000
   39  39 CA ALA  -0.228 -51.979  52.626   1.000
   40  40 CA SER   0.243 -51.863  56.329   1.000
   41  41 CA ALA   3.668 -53.136  55.728   1.000
   42  42 CA ASN   3.632 -54.207  52.178   1.000
   43  43 CA ASN   7.231 -55.263  51.802   1.000
   44  44 CA GLY   7.104 -57.759  48.872   1.000
   45  45 CA ALA  10.745 -58.758  49.190   1.000
   46  46 CA LEU  10.980 -55.476  51.059   1.000
   47  47 CA LEU  13.439 -54.905  48.189   1.000
   48  48 CA PHE  14.461 -51.384  49.229   1.000
   49  49 CA GLN  11.506 -49.903  47.391   1.000
   50  50 CA ASN  12.456 -51.858  44.308   1.000
   51  51 CA PHE  15.968 -50.554  44.125   1.000
   52  52 CA PRO  17.420 -52.553  41.254   1.000
   53  53 CA HIS  15.754 -49.303  40.177   1.000
   54  54 CA HIS  18.439 -47.277  41.842   1.000
   55  55 CA VAL  18.677 -45.017  38.840   1.000
   56  56 CA SER  21.239 -42.815  40.491   1.000
   57  57 CA PRO  23.753 -45.572  41.443   1.000
   58  58 CA GLY  26.280 -42.736  40.803   1.000
   59  59 CA PHE  28.933 -43.919  43.206   1.000
   60  60 CA GLY  30.341 -45.483  40.095   1.000
   61  61 CA GLY  32.949 -42.797  40.839   1.000
   62  62 CA SER  35.107 -45.917  40.725   1.000
   63  63 CA PHE  34.017 -47.445  43.994   1.000
   64  64 CA SER  37.625 -48.414  44.823   1.000
   65  65 CA PRO  38.490 -45.633  42.477   1.000
   66  66 CA GLN  41.860 -47.478  42.614   1.000
   67  67 CA ILE  40.269 -50.606  41.277   1.000
   68  68 CA GLY  43.381 -51.161  39.271   1.000
   69  69 CA PRO  44.465 -47.657  40.071   1.000
   70  70 CA LEU  47.351 -49.857  39.151   1.000
   71  71 CA SER  48.376 -47.711  36.240   1.000
   72  72 CA GLN  48.247 -44.282  37.802   1.000
   73  73 CA HIS  49.460 -42.703  34.524   1.000
   74  74 CA HIS  48.806 -46.019  32.930   1.000
   75  75 CA PRO  50.977 -45.165  29.911   1.000
   76  76 CA HIS  49.254 -41.799  30.380   1.000
   77  77 CA HIS  49.494 -41.253  26.661   1.000
   78  78 CA PRO  45.920 -42.220  25.845   1.000
   79  79 CA HIS  45.854 -38.411  25.634   1.000
   80  80 CA PHE  48.749 -37.779  23.217   1.000
   81  81 CA GLN  46.845 -40.590  21.517   1.000
   82  82 CA HIS  47.566 -38.611  18.404   1.000
   83  83 CA HIS  43.875 -38.855  17.664   1.000
   84  84 CA HIS  42.537 -40.184  20.930   1.000
   85  85 CA SER  41.857 -36.540  21.469   1.000
   86  86 CA GLN  41.864 -35.968  17.743   1.000
   87  87 CA HIS  39.398 -33.199  18.413   1.000
   88  88 CA GLN  36.572 -35.465  19.553   1.000
   89  89 CA GLN  34.555 -32.965  17.666   1.000
   90  90 CA GLN  37.511 -33.388  15.354   1.000
   91  91 CA ARG  36.910 -30.619  12.845   1.000
   92  92 CA ARG  33.285 -30.820  13.929   1.000
   93  93 CA SER  32.478 -33.358  11.266   1.000
   94  94 CA PRO  30.599 -31.052   8.919   1.000
   95  95 CA ALA  33.175 -31.412   6.142   1.000
   96  96 CA SER  31.389 -28.795   4.064   1.000
   97  97 CA PRO  33.910 -26.030   4.414   1.000
   98  98 CA HIS  31.668 -24.926   1.596   1.000
   99  99 CA PRO  34.405 -26.700  -0.310   1.000
  100 100 CA PRO  33.515 -24.270  -3.119   1.000
  101 101 CA PRO  37.129 -24.639  -4.399   1.000
  102 102 CA PHE  37.180 -20.920  -5.206   1.000
  103 103 CA THR  35.545 -21.992  -8.442   1.000
  104 104 CA HIS  36.210 -18.315  -9.181   1.000
  105 105 CA ARG  34.436 -17.752  -5.919   1.000
  106 106 CA ASN  37.048 -15.055  -5.499   1.000
  107 107 CA ALA  36.770 -13.726  -9.062   1.000
  108 108 CA ALA  33.484 -11.878  -8.804   1.000
  109 109 CA PHE  34.967  -9.612 -11.448   1.000
  110 110 CA ASN  34.546  -6.855  -8.955   1.000
  111 111 CA GLN  36.512  -4.157 -10.806   1.000
  112 112 CA LEU  34.441  -1.553  -9.048   1.000
  113 113 CA PRO  37.562  -1.422  -6.864   1.000
  114 114 CA HIS  36.359   2.101  -7.286   1.000
  115 115 CA LEU  39.661   3.463  -6.162   1.000
  116 116 CA ALA  37.915   6.364  -4.524   1.000
  117 117 CA ASN  40.881   6.130  -2.129   1.000
  118 118 CA ASN  39.679   9.546  -0.953   1.000
  119 119 CA LEU  36.909   9.189  -3.466   1.000
  120 120 CA ASN  37.139  12.785  -4.432   1.000
  121 121 CA LYS  36.658  14.019  -0.919   1.000
  122 122 CA PRO  33.487  12.013  -1.413   1.000
  123 123 CA PRO  33.953  13.318   2.148   1.000
  124 124 CA SER  33.508  16.193  -0.296   1.000
  125 125 CA PRO  32.160  19.028   1.847   1.000
  126 126 CA TRP  28.710  18.417   0.389   1.000
  127 127 CA SER  27.982  21.882  -0.798   1.000
  128 128 CA SER  28.244  21.141  -4.466   1.000
  129 129 CA TYR  31.382  23.246  -4.803   1.000
  130 130 CA GLN  30.371  24.447  -8.247   1.000
  131 131 CA SER  30.600  28.136  -7.464   1.000
  132 132 CA PRO  29.797  29.377 -10.963   1.000
  133 133 CA SER  29.466  25.794 -12.252   1.000
  134 134 CA PRO  32.261  26.001 -14.743   1.000
  135 135 CA THR  32.215  29.751 -14.071   1.000
  136 136 CA PRO  34.773  30.542 -16.729   1.000
  137 137 CA SER  31.855  28.452 -17.991   1.000
  138 138 CA SER  32.091  30.520 -21.111   1.000
  139 139 CA SER  35.089  28.360 -22.167   1.000
  140 140 CA TRP  34.152  28.106 -25.832   1.000
  141 141 CA SER  35.859  31.084 -27.396   1.000
  142 142 CA PRO  35.708  29.334 -30.806   1.000
  143 143 CA GLY  39.500  29.843 -30.632   1.000
  144 144 CA GLY  39.945  26.532 -32.480   1.000
  145 145 CA GLY  37.588  27.712 -35.111   1.000
  146 146 CA GLY  40.707  28.111 -37.151   1.000
  147 147 CA TYR  39.491  27.596 -40.735   1.000
  148 148 CA GLY  42.890  28.704 -41.896   1.000
  149 149 CA GLY  43.658  25.082 -42.673   1.000
  150 150 CA TRP  44.997  26.302 -45.912   1.000
  151 151 CA GLY  44.703  22.644 -46.833   1.000
  152 152 CA GLY  47.782  23.223 -48.990   1.000
  153 153 CA SER  45.917  25.268 -51.577   1.000
  154 154 CA GLN  48.878  26.874 -53.274   1.000
  155 155 CA GLY  47.817  24.961 -56.383   1.000
  156 156 CA ARG  50.474  22.302 -56.305   1.000
  157 157 CA ASP  50.806  22.854 -59.995   1.000
  158 158 CA HIS  47.554  24.651 -60.441   1.000
  159 159 CA ARG  48.672  25.523 -63.983   1.000
  160 160 CA ARG  51.809  27.112 -62.591   1.000
  161 161 CA CYS  53.855  24.688 -64.756   1.000
    1  -0.223   1.029  -0.034
    2  -0.479   0.131   0.434
    3   1.074  -0.819  -0.673
    4   0.868  -1.839  -0.514
    5  -0.249   0.620   0.107
    6   0.128   0.281   0.486
    7  -0.327  -0.571   0.733
    8  -1.121   0.049  -0.156
    9  -0.421   0.990  -0.040
   10  -0.300  -0.406   0.157
   11  -1.142   1.253  -0.713
   12  -0.642  -0.021   1.304
   13   0.045   0.247   0.356
   14   0.294   1.318   0.215
   15   0.560  -0.617   0.283
   16  -0.075  -0.531   1.083
   17  -1.073  -0.499  -0.099
   18   0.233   0.050   0.926
   19  -0.686  -1.060   0.319
   20   0.949  -0.353  -0.567
   21  -1.083  -0.681   0.970
   22  -0.765  -2.720   0.440
   23   0.466  -1.104   0.415
   24   0.435  -0.760  -0.880
   25  -0.132  -1.188   0.062
   26   0.283  -0.381  -1.372
   27   1.109   0.213  -0.980
   28   0.948   1.311   0.111
   29   0.583  -0.074  -0.138
   30   0.314   0.865   0.387
   31   0.910  -0.529  -0.664
   32  -0.516   0.559  -0.577
   33  -0.817   0.158  -0.892
   34  -0.571  -0.668  -1.233
   35   0.445   0.954   0.651
   36  -1.125   1.178   0.685
   37  -0.900  -0.849  -1.082
   38   0.108   1.096   0.146
   39  -0.448   1.189   0.407
   40   0.304   0.616   1.210
   41  -0.881   0.089  -0.200
   42  -0.048  -0.308   0.496
   43   0.163   0.175   0.065
   44  -0.439  -1.098   0.371
   45  -0.553  -0.732   1.220
   46   0.202   0.761   0.739
   47  -0.037  -0.404  -0.006
   48  -1.152   0.153   1.378
   49   0.597   0.222  -0.411
   50  -0.404  -0.628  -0.975
   51  -0.381  -0.856   0.298
   52   0.609  -1.062   0.779
   53   0.531  -0.185  -0.481
   54  -0.187  -0.561   0.117
   55   0.531  -0.003   0.484
   56   0.357   0.125   0.343
   57   1.421   0.682  -0.584
   58   0.344   0.564  -0.241
   59   0.416   1.514  -0.608
   60  -0.310   0.626  -0.872
   61  -0.514   0.270   0.581
   62  -0.645   0.207  -0.790
   63  -0.208   1.240   0.291
   64  -0.154  -0.292  -0.449
   65   0.167  -0.015   0.157
   66   0.218  -0.889  -0.807
   67   0.056  -0.295   1.521
   68   0.554   0.481   0.071
   69   0.596   0.056   1.028
   70   0.968   0.198   1.169
   71   1.280  -0.166   0.062
   72   2.251   0.353   0.252
   73   0.219  -1.419  -0.744
   74  -0.115   0.099  -0.842
   75  -0.218  -0.511  -0.613
   76  -0.019   0.556  -0.225
   77  -1.543  -0.050  -0.053
   78  -0.910   1.049   0.052
   79   0.997   0.499  -1.424
   80   0.828   1.183  -0.168
   81  -0.017  -0.410   0.762
   82  -0.474  -0.708  -0.748
   83   0.114  -0.884  -0.302
   84  -0.034   0.546  -0.079
   85  -0.009   0.300   0.190
   86  -0.491  -0.315   0.534
   87  -0.102   0.212  -0.632
   88  -0.004  -0.639   0.583
   89  -0.046   0.369   1.970
   90  -0.483   0.334   0.613
   91   0.202   1.978   2.647
   92   0.304  -0.855  -0.360
   93   1.165   0.385  -0.734
   94  -0.470   0.606   0.394
   95  -0.711  -1.028  -0.610
   96   0.042   0.068  -0.964
   97   0.847  -0.724  -1.127
   98   1.636   0.606  -1.171
   99   0.275   0.185  -1.063
  100  -0.147   0.631  -0.140
  101   1.013  -0.599   0.691
  102  -0.772   0.178   1.356
  103   0.322   0.425   0.811
  104  -0.582   0.152  -1.037
  105  -0.118  -0.232   0.054
  106  -0.530  -0.547  -0.087
  107   0.310   0.947   0.608
  108  -0.965  -1.170  -0.658
  109  -0.932  -0.473  -0.676
  110   0.067  -1.206   0.074
  111   0.027  -0.228   0.383
  112  -2.415  -0.859  -0.146
  113  -0.397  -0.297   1.065
  114   0.305   0.477  -0.172
  115  -0.540   0.545   1.094
  116  -0.516   1.061  -1.295
  117  -1.845  -0.325  -0.550
  118   0.423   0.048  -0.175
  119  -0.437  -0.774  -0.663
  120   0.253   0.125   1.072
  121   0.418   0.752   0.237
  122   0.589   0.349  -0.723
  123  -0.105  -0.231   1.166
  124  -0.666  -0.050   1.015
  125  -0.231   1.520  -0.431
  126  -0.133   0.883  -1.884
  127  -1.220   0.950  -0.426
  128   0.589  -0.733   0.346
  129  -0.809   1.468   1.517
  130   0.993   0.314   1.536
  131   1.203  -0.325  -0.637
  132  -0.551  -0.646   0.003
  133   0.242  -1.074  -0.288
  134  -0.603  -0.095  -0.391
  135   0.888   0.227  -0.550
  136  -0.131   0.936  -0.982
  137   0.235  -0.538   0.267
  138  -1.733  -0.980  -0.511
  139  -0.221  -1.209  -1.097
  140   0.131   1.266  -0.984
  141  -0.387   1.565   0.104
  142   1.301  -0.386   0.596
  143   1.243   0.095   0.948
  144  -0.734   0.934  -0.156
  145  -1.611   0.557   0.079
  146  -0.344  -0.176   0.458
  147  -0.491  -0.072  -0.053
  148  -0.108  -0.861   0.110
  149   0.699  -0.373   0.605
  150  -0.066   0.787   0.155
  151  -1.164   0.562   0.739
  152  -0.308  -0.041   0.599
  153   0.364   0.787   0.807
  154   0.061  -0.317   0.162
  155  -0.970   0.698   0.961
  156  -1.562  -0.699   0.014
  157  -0.072   0.007   0.471
  158   0.847   0.200   0.510
  159   0.080  -0.045   0.133
  160  -0.405   0.057   0.353
  161   0.175   0.940   0.691
           1
         161
