 READ CONFORMATION
 reading LJ contacts
           1
        1000
      14.938      13.622      -2.965
      13.330      10.226      -3.485
      11.914       7.589      -1.172
      12.355       3.821      -0.766
       8.764       2.538      -1.202
       9.692      -0.909       0.309
      12.796      -2.612       1.723
      14.070      -4.333      -1.448
      16.008      -7.268       0.125
      18.769      -7.609      -2.611
      20.616     -10.981      -2.361
      23.848     -10.141      -4.270
      26.520      -7.679      -3.191
      26.106      -5.778      -6.483
      23.034      -4.094      -5.016
      22.692      -2.806      -1.431
      19.390      -3.708       0.140
      17.941      -0.453       1.622
      14.700       0.065       3.504
      11.600       2.367       3.504
      12.079       5.625       5.382
      15.777       6.055       4.536
      16.612       8.966       2.180
      18.391       8.088      -1.071
      19.454      10.409      -3.901
      18.821       8.743      -7.294
      21.848       8.466      -9.530
      20.976       7.649     -13.149
      18.247       5.677     -14.877
      15.205       7.892     -15.248
      12.606       5.367     -16.645
      11.065       2.737     -14.373
      13.560      -0.111     -13.940
      16.448      -0.432     -11.369
      18.426       2.771     -10.908
      21.327       3.236      -8.510
      20.927       5.415      -5.455
      23.832       6.684      -3.279
      23.254       6.954       0.449
      24.452      10.230       1.852
      24.953       8.755       5.332
      27.841       6.354       4.682
      28.284       6.986       0.968
      27.738       3.472      -0.353
      26.348       2.529      -3.755
      23.244       0.348      -4.147
      20.838      -0.362      -7.014
      17.289       0.386      -5.652
      14.302      -1.063      -7.497
      12.272       1.618      -9.362
       9.171      -0.178      -8.024
      10.732       0.171      -4.584
      11.305       3.912      -4.863
       9.608       7.025      -6.287
      10.414      10.719      -6.823
       8.834      12.219      -3.732
      14.788      12.853      -3.727
      13.163       9.427      -4.033
      11.631       7.049      -1.475
      12.100       3.493      -0.258
       8.635       1.921      -0.843
       9.841      -1.374       0.787
      13.003      -2.788       2.379
      14.662      -4.809      -0.444
      16.522      -7.562       1.457
      19.083      -8.246      -1.315
      21.136     -11.490      -0.979
      24.461     -10.578      -2.502
      26.781      -7.860      -1.152
      26.803      -6.296      -4.661
      23.404      -4.695      -3.727
      22.902      -3.080      -0.285
      19.616      -3.857       1.406
      17.922      -0.503       2.284
      14.692       0.039       4.120
      11.562       2.282       3.841
      11.555       5.794       5.272
      15.287       6.195       4.640
      16.250       8.765       1.993
      18.331       7.528      -0.927
      19.985       9.696      -3.622
      19.420       8.108      -7.077
      22.479       7.741      -9.345
      21.526       6.294     -12.748
      18.955       4.102     -14.645
      15.906       6.184     -15.531
      13.606       3.311     -16.742
      11.995       0.758     -14.380
      14.630      -1.877     -13.439
      17.357      -1.834     -10.826
      18.719       1.696     -10.424
      21.663       2.223      -8.145
      21.286       4.695      -5.316
      23.934       6.061      -2.959
      23.032       6.607       0.800
      23.795       9.985       2.316
      24.487       8.489       5.747
      27.499       6.245       5.347
      28.017       6.727       1.591
      27.858       3.152       0.331
      26.488       2.239      -3.149
      23.510      -0.149      -3.316
      21.015      -1.204      -6.017
      17.364      -0.608      -4.938
      14.777      -2.324      -7.226
      12.580       0.196      -9.149
       9.438      -1.475      -7.745
      11.014      -0.755      -4.380
      11.373       3.049      -4.762
       9.302       6.012      -5.986
       9.892       9.620      -7.146
       8.718      11.079      -3.782
      14.891      11.433      -4.177
      13.227       7.995      -4.317
      12.009       5.837      -1.472
      12.318       2.132      -0.570
       8.703       0.981      -0.986
       9.794      -2.093       1.005
      12.926      -3.003       2.999
      14.680      -4.950       0.173
      16.173      -7.721       2.264
      19.117      -8.586       0.040
      21.073     -11.662       1.030
      24.644     -11.006      -0.407
      27.042      -8.289       0.822
      27.149      -7.060      -2.811
      23.766      -5.413      -2.368
      22.988      -3.439       0.802
      19.573      -3.976       2.205
      17.780      -0.689       2.749
      14.511      -0.223       4.519
      11.233       1.676       3.950
      11.122       5.308       5.150
      14.910       5.905       4.657
      16.237       8.482       2.176
      18.308       7.240      -0.773
      20.054       8.948      -3.709
      19.173       7.223      -7.080
      22.494       6.463      -8.800
      21.918       5.007     -12.297
      19.493       2.785     -14.283
      16.297       4.908     -14.714
      14.134       2.064     -16.237
      12.766      -0.682     -13.944
      15.366      -3.219     -12.825
      18.052      -2.944     -10.033
      19.432       0.538      -9.680
      22.211       1.232      -7.173
      21.447       3.958      -4.644
      24.131       5.418      -2.265
      23.004       6.662       1.155
      23.689      10.317       2.229
      23.751       9.264       5.910
      26.656       6.835       6.118
      27.702       6.567       2.495
      27.441       2.819       1.573
      26.514       1.623      -1.917
      23.596      -0.861      -2.140
      21.485      -2.111      -5.113
      17.895      -1.060      -4.286
      15.373      -2.866      -6.554
      13.063      -0.696      -8.692
       9.799      -2.511      -7.618
      10.947      -1.768      -4.015
      11.401       1.981      -4.642
       9.236       4.794      -6.067
       9.832       8.506      -6.904
       8.682       9.710      -3.497
      14.416      11.121      -4.020
      13.165       7.533      -4.269
      11.407       5.392      -1.533
      11.982       1.840      -0.241
       8.569       0.177      -0.879
       9.616      -2.780       1.318
      12.602      -3.627       3.593
      14.707      -5.659       1.121
      16.200      -8.384       3.425
      19.224      -9.047       1.300
      21.473     -11.878       2.530
      24.912     -11.473       0.968
      27.290      -8.629       1.983
      27.302      -7.476      -1.671
      23.725      -6.033      -1.297
      22.768      -3.839       1.736
      19.154      -4.214       2.968
      17.382      -0.902       3.450
      13.953      -0.157       4.999
      10.548       1.388       4.154
      10.143       5.116       4.924
      13.999       5.544       4.800
      15.768       7.888       2.355
      17.831       6.456      -0.525
      19.859       8.020      -3.344
      19.492       5.917      -6.567
      22.784       5.567      -8.514
      22.178       3.803     -11.823
      20.159       1.082     -13.620
      16.879       2.788     -14.755
      15.126      -0.307     -15.985
      13.423      -2.458     -13.259
      16.012      -4.950     -11.869
      18.535      -4.097      -9.228
      19.676      -0.516      -8.887
      22.420       0.423      -6.486
      21.468       3.179      -3.924
      23.749       4.833      -1.331
      22.294       6.155       2.013
      23.120       9.766       2.885
      23.346       8.576       6.523
      26.614       6.689       7.012
      27.598       6.420       3.332
      27.431       2.652       2.544
      26.683       1.300      -0.945
      23.731      -1.163      -1.137
      21.752      -2.617      -4.089
      18.066      -1.699      -3.640
      15.758      -4.042      -5.649
      13.575      -2.237      -8.225
      10.551      -4.011      -6.779
      11.365      -2.668      -3.371
      11.556       1.008      -4.393
       9.733       3.787      -6.420
      10.597       7.341      -7.404
       8.598       9.277      -4.768
      14.817      10.262      -4.433
      13.497       6.625      -4.453
      11.556       4.829      -1.703
      12.162       1.373      -0.056
       8.732      -0.089      -0.922
       9.377      -3.037       1.443
      12.125      -4.108       3.900
      14.368      -6.402       1.838
      15.848      -8.564       4.638
      18.919      -9.558       2.463
      21.218     -11.867       4.421
      24.672     -11.224       2.826
      27.279      -8.580       3.733
      27.390      -7.701       0.004
      23.870      -6.312       0.297
      22.650      -4.332       3.243
      19.078      -5.056       4.244
      17.049      -1.843       4.394
      13.307      -1.136       5.030
      10.199       0.869       4.123
      10.219       4.539       5.258
      14.015       5.046       4.920
      15.371       7.276       2.121
      17.836       5.762      -0.319
      19.661       7.292      -3.335
      19.678       4.819      -6.272
      23.178       4.640      -7.900
      23.244       2.429     -10.940
      21.077      -0.102     -12.723
      18.347       1.971     -14.482
      16.266      -1.124     -15.482
      14.208      -2.951     -12.767
      16.515      -5.510     -11.216
      19.047      -5.071      -8.357
      20.395      -1.532      -8.236
      22.912      -0.372      -5.585
      21.598       2.381      -3.286
      23.542       4.567      -0.705
      22.029       5.917       2.555
      22.755       9.749       2.835
      22.941       9.314       6.594
      26.010       7.188       7.229
      27.383       6.473       3.730
      26.819       2.777       3.442
      26.003       0.941       0.160
      23.525      -1.953      -0.097
      21.755      -3.361      -3.216
      18.023      -2.757      -2.750
      15.721      -5.016      -4.777
      13.842      -3.067      -7.472
      10.863      -5.252      -6.396
      11.183      -3.518      -2.983
      12.061      -0.033      -4.157
      10.795       2.492      -6.662
      11.602       5.977      -8.104
       9.044       7.564      -5.842
      14.817      10.262      -4.433
      13.497       6.625      -4.453
      11.556       4.829      -1.703
      12.162       1.373      -0.056
       8.732      -0.089      -0.922
       9.377      -3.037       1.443
      12.125      -4.108       3.900
      14.368      -6.402       1.838
      15.848      -8.564       4.638
      18.919      -9.558       2.463
      21.218     -11.867       4.421
      24.672     -11.224       2.826
      27.279      -8.580       3.733
      27.390      -7.701       0.004
      23.870      -6.312       0.297
      22.650      -4.332       3.243
      19.078      -5.056       4.244
      17.049      -1.843       4.394
      13.307      -1.136       5.030
      10.199       0.869       4.123
      10.219       4.539       5.258
      14.015       5.046       4.920
      15.371       7.276       2.121
      17.836       5.762      -0.319
      19.661       7.292      -3.335
      19.678       4.819      -6.272
      23.178       4.640      -7.900
      23.244       2.429     -10.940
      21.077      -0.102     -12.723
      18.347       1.971     -14.482
      16.266      -1.124     -15.482
      14.208      -2.951     -12.767
      16.515      -5.510     -11.216
      19.047      -5.071      -8.357
      20.395      -1.532      -8.236
      22.912      -0.372      -5.585
      21.598       2.381      -3.286
      23.542       4.567      -0.705
      22.029       5.917       2.555
      22.755       9.749       2.835
      22.941       9.314       6.594
      26.010       7.188       7.229
      27.383       6.473       3.730
      26.819       2.777       3.442
      26.003       0.941       0.160
      23.525      -1.953      -0.097
      21.755      -3.361      -3.216
      18.023      -2.757      -2.750
      15.721      -5.016      -4.777
      13.842      -3.067      -7.472
      10.863      -5.252      -6.396
      11.183      -3.518      -2.983
      12.061      -0.033      -4.157
      10.795       2.492      -6.662
      11.602       5.977      -8.104
       9.044       7.564      -5.842
