        1000         161        2689
     -51.142     -20.169      55.781
     -50.297     -21.616      59.184
     -50.268     -24.510      56.711
     -47.326     -25.704      58.755
     -47.708     -22.922      61.321
     -44.202     -23.812      62.426
     -43.493     -25.641      59.216
     -41.238     -22.797      58.183
     -40.711     -22.184      61.856
     -37.387     -23.931      61.667
     -36.799     -22.580      58.202
     -33.307     -21.504      59.087
     -33.967     -23.054      62.460
     -30.339     -23.424      63.175
     -29.107     -21.649      60.110
     -25.721     -23.501      60.056
     -26.760     -26.404      62.241
     -26.391     -28.786      59.290
     -22.827     -28.266      60.490
     -23.314     -29.484      64.035
     -21.678     -32.507      62.518
     -19.420     -29.850      60.870
     -17.412     -29.820      64.054
     -16.163     -33.389      63.956
     -15.730     -33.486      60.181
     -12.765     -35.786      60.114
     -14.376     -37.787      62.831
     -16.514     -40.138      60.786
     -14.477     -39.543      57.655
     -11.768     -41.559      59.338
     -14.389     -43.781      60.889
     -12.117     -46.696      60.064
      -9.220     -44.385      59.480
      -6.965     -46.255      61.915
      -4.873     -47.609      59.166
      -5.123     -44.375      57.280
      -1.344     -44.057      57.220
      -1.491     -47.832      56.853
      -2.374     -47.574      53.141
       0.826     -45.597      52.612
       2.083     -48.721      50.764
      -0.822     -50.952      51.793
      -2.124     -50.574      48.257
       1.294     -49.177      47.296
       2.042     -52.456      45.554
       2.477     -50.698      42.284
       6.206     -51.353      41.870
       6.859     -51.100      45.581
       9.565     -53.592      44.748
      11.556     -50.524      43.697
       9.915     -48.952      46.699
      13.254     -47.993      48.200
      14.423     -48.957      44.743
      15.179     -45.441      43.806
      17.869     -45.495      46.383
      18.168     -49.242      46.082
      19.984     -48.634      42.780
      22.642     -47.127      45.122
      23.678     -50.724      45.635
      25.748     -50.761      42.460
      26.050     -47.053      41.818
      27.931     -46.703      45.069
      29.652     -49.920      44.199
      29.720     -48.911      40.490
      33.106     -47.223      41.007
      34.027     -50.886      41.471
      32.795     -51.762      38.026
      33.793     -48.290      36.965
      37.304     -49.654      36.393
      34.902     -52.417      35.304
      36.395     -52.225      31.830
      38.689     -49.135      32.095
      40.500     -49.912      28.853
      40.313     -46.501      27.229
      40.417     -44.273      30.251
      44.038     -43.631      29.196
      42.968     -40.226      30.295
      39.912     -40.285      27.950
      42.852     -39.242      25.847
      41.971     -41.348      22.867
      38.278     -41.687      23.313
      38.517     -40.213      19.864
      40.065     -43.496      18.707
      38.715     -42.167      15.462
      35.630     -40.883      17.235
      36.199     -37.402      15.798
      38.972     -38.900      13.745
      37.044     -38.534      10.559
      34.322     -36.713      12.348
      35.820     -33.697      10.704
      36.682     -36.169       7.980
      33.297     -35.204       6.572
      34.883     -32.048       5.166
      35.112     -33.508       1.696
      36.670     -30.066       0.987
      38.837     -29.409       4.018
      39.413     -25.885       2.865
      35.967     -26.342       1.328
      34.912     -22.725       1.742
      38.722     -22.008       1.360
      36.752     -19.036      -0.092
      35.221     -19.805       3.372
      35.986     -16.455       5.011
      37.571     -15.234       1.739
      35.527     -12.064       1.648
      37.962     -10.534      -0.771
      38.430     -13.744      -2.651
      41.173     -11.930      -4.540
      39.945      -8.828      -2.911
      43.653      -8.951      -2.200
      44.044      -9.332      -5.908
      43.636      -5.662      -6.621
      46.684      -5.282      -4.351
      45.187      -1.804      -3.785
      41.559      -3.012      -3.519
      40.672      -0.478      -6.180
      43.331       2.017      -5.071
      42.751       5.269      -6.906
      39.099       4.503      -6.931
      38.506       8.001      -5.704
      40.612       9.614      -8.424
      37.846      10.031     -10.930
      36.619      10.664      -7.426
      36.185      14.282      -8.481
      33.875      13.342     -11.253
      33.329      16.918     -10.115
      34.877      18.651     -13.151
      35.321      15.246     -14.631
      35.068      16.453     -18.172
      37.999      18.891     -17.653
      40.355      15.939     -17.227
      39.660      14.926     -20.777
      40.273      18.649     -19.992
      43.217      17.746     -22.158
      40.813      20.177     -23.806
      42.632      22.606     -21.559
      41.786      24.042     -24.917
      40.824      20.695     -26.358
      38.227      21.717     -28.950
      41.128      23.756     -30.148
      43.669      20.833     -30.378
      41.710      20.180     -33.617
      42.292      23.905     -33.316
      45.206      23.883     -35.729
      42.911      21.765     -37.781
      40.939      24.779     -38.903
      43.740      27.313     -39.020
      46.428      25.116     -40.553
      45.300      25.871     -44.088
      48.017      28.427     -44.533
      46.677      28.300     -48.074
      47.834      24.697     -48.261
      45.160      23.720     -50.679
      47.734      23.904     -53.511
      50.014      21.778     -51.369
      52.649      22.727     -53.929
      50.302      23.871     -56.737
      52.549      23.829     -59.717
      51.307      20.395     -60.651
      47.757      21.730     -60.387
      47.091      23.289     -63.811
     -54.917     -19.599      53.564
     -55.127     -19.743      57.380
     -54.658     -23.288      56.195
     -51.919     -23.703      58.725
     -52.397     -20.130      60.000
     -49.199     -20.992      61.717
     -49.553     -24.536      60.538
     -45.821     -24.026      59.949
     -45.881     -20.446      61.204
     -42.857     -21.229      63.277
     -41.208     -18.187      61.800
     -38.508     -20.746      61.787
     -36.003     -18.384      63.327
     -33.894     -21.435      63.650
     -31.772     -19.936      60.911
     -30.119     -22.896      59.301
     -26.948     -21.252      60.468
     -25.966     -24.852      61.336
     -24.920     -24.709      65.001
     -22.642     -27.317      63.500
     -20.614     -28.127      66.568
     -20.340     -31.506      64.822
     -16.671     -31.633      65.702
     -15.465     -32.284      62.176
     -18.466     -34.594      62.043
     -16.270     -37.361      60.814
     -15.979     -38.840      64.262
     -17.106     -41.724      62.144
     -13.645     -42.408      60.730
     -12.897     -45.263      63.071
     -10.860     -47.211      60.547
     -10.380     -49.682      63.390
      -9.168     -52.083      60.752
      -6.255     -52.616      63.126
      -4.078     -51.375      60.286
      -5.139     -47.810      60.685
      -2.392     -47.228      58.212
      -4.210     -50.191      56.792
      -1.601     -50.746      54.091
      -4.212     -50.473      51.329
      -1.974     -53.269      50.030
      -2.134     -51.584      46.673
      -1.723     -54.622      44.444
       1.948     -53.660      44.625
       1.025     -52.181      41.302
       4.560     -52.482      39.976
       4.245     -56.254      39.504
       7.365     -56.695      41.560
       7.975     -52.961      41.879
      11.071     -53.476      44.052
       8.582     -52.276      46.605
       7.666     -49.028      44.848
      10.541     -47.199      46.589
      12.870     -48.089      43.830
      15.820     -47.409      46.114
      17.085     -50.815      47.283
      19.362     -50.800      44.198
      20.613     -47.523      45.745
      22.326     -48.475      48.951
      25.560     -50.144      47.762
      27.199     -47.376      45.781
      30.586     -47.709      47.392
      31.462     -50.457      44.980
      32.219     -48.068      42.110
      35.712     -47.278      43.385
      36.117     -50.833      41.990
      37.523     -49.383      38.739
      41.100     -50.500      39.470
      40.234     -53.351      37.171
      39.225     -50.418      34.967
      40.066     -52.305      31.761
      42.156     -49.255      30.802
      41.200     -49.530      27.194
      44.894     -48.695      27.254
      44.860     -47.223      30.739
      45.773     -44.039      28.827
      42.084     -44.178      28.951
      41.402     -40.550      28.156
      45.053     -41.272      27.198
      44.317     -41.585      23.554
      40.655     -40.953      23.856
      40.011     -41.633      20.211
      38.532     -45.051      21.029
      35.755     -44.400      18.572
      33.706     -42.434      21.014
      34.516     -39.719      18.432
      35.954     -41.979      15.747
      35.697     -39.004      13.434
      34.711     -41.397      10.680
      32.763     -38.536       9.151
      36.101     -36.736       8.994
      36.547     -36.744       5.253
      36.701     -33.028       4.748
      37.770     -34.118       1.240
      34.417     -32.660       0.409
      35.510     -30.537       3.320
      37.759     -27.964       1.564
      34.210     -26.815       1.073
      33.716     -24.433       4.019
      37.176     -23.460       2.607
      35.085     -21.116       0.348
      38.825     -20.398      -0.027
      38.177     -17.301       2.125
      38.259     -15.049      -0.965
      38.226     -12.004       1.264
      38.340      -9.089      -1.192
      36.532     -11.316      -3.688
      39.319     -10.651      -6.070
      40.643      -8.209      -3.438
      44.057      -9.729      -2.892
      44.486      -8.977      -6.551
      47.414      -6.909      -5.309
      45.481      -4.327      -3.376
      46.230      -2.210      -6.408
      45.061       0.314      -3.810
      44.436       3.156      -6.229
      45.497       6.226      -4.287
      42.103       7.904      -4.468
      41.127       5.394      -7.051
      39.886       8.641      -8.521
      36.238       7.851      -8.920
      34.947      11.192     -10.102
      36.685      11.705      -6.822
      36.561      15.252      -8.168
      32.839      15.083      -7.606
      33.630      17.597     -10.371
      30.951      15.897     -12.356
      32.781      16.302     -15.653
      35.346      18.437     -14.024
      38.055      15.822     -13.862
      37.737      15.812     -17.689
      41.470      15.562     -17.471
      41.179      18.717     -15.360
      44.229      19.345     -17.487
      41.327      20.929     -19.513
      42.464      19.499     -22.865
      41.546      22.977     -24.075
      39.677      21.881     -27.180
      39.621      25.554     -28.117
      42.425      25.063     -30.502
      40.862      21.887     -31.732
      43.957      20.878     -33.629
      43.447      24.596     -33.528
      45.841      25.086     -36.379
      43.194      23.776     -38.727
      42.272      27.104     -40.172
      45.719      28.589     -40.610
      45.118      27.436     -44.168
      46.011      30.705     -45.818
      49.112      28.896     -46.996
      48.526      29.389     -50.654
      51.022      26.934     -52.054
      48.144      25.783     -54.144
      50.007      26.831     -57.267
      51.047      23.172     -57.393
      54.749      24.112     -57.513
      55.229      23.090     -61.155
      53.291      19.938     -60.567
      51.724      20.580     -63.974
      53.312      24.022     -63.915
      49.597      24.283     -63.788
     -58.676     -18.377      51.773
     -58.286     -17.238      55.414
     -58.780     -20.989      55.600
     -56.475     -21.360      58.602
     -53.322     -20.491      56.575
     -52.097     -18.000      59.130
     -53.635     -20.107      61.896
     -50.181     -21.272      63.040
     -48.602     -17.882      63.541
     -45.573     -19.146      65.424
     -43.801     -19.657      62.091
     -41.127     -20.833      64.405
     -38.693     -18.131      63.495
     -36.331     -20.679      62.062
     -34.934     -21.223      65.575
     -31.713     -22.960      64.845
     -29.848     -20.062      63.453
     -27.577     -22.491      61.748
     -24.428     -20.689      62.950
     -22.823     -23.815      61.429
     -20.825     -25.527      64.137
     -23.239     -28.475      64.170
     -20.395     -30.888      64.775
     -22.212     -34.126      65.132
     -19.002     -36.108      65.524
     -19.937     -39.200      63.583
     -17.188     -41.124      65.401
     -16.126     -43.866      63.021
     -12.716     -44.214      64.670
     -12.979     -47.981      64.418
      -9.595     -48.377      66.114
     -10.424     -52.076      65.653
     -10.061     -52.316      61.866
      -6.277     -52.275      61.931
      -6.196     -53.471      58.375
      -3.357     -55.708      59.244
      -3.856     -56.443      55.567
      -5.819     -53.242      56.125
      -7.571     -52.843      52.805
      -4.580     -51.510      50.896
      -6.005     -53.325      47.878
      -2.540     -54.681      47.392
      -3.178     -56.922      44.416
       0.595     -56.710      44.162
      -0.158     -55.614      40.659
       3.155     -53.719      40.364
       4.975     -57.035      40.611
       8.009     -54.951      39.848
       8.891     -53.353      43.173
      10.438     -56.645      44.332
      13.504     -54.715      45.235
      11.346     -51.880      43.945
      14.209     -51.978      41.436
      16.622     -53.183      43.990
      17.324     -49.515      44.555
      16.660     -50.521      48.115
      20.198     -50.628      49.549
      20.721     -50.203      45.875
      22.945     -47.355      46.785
      24.708     -49.268      49.619
      27.876     -47.599      48.451
      29.724     -50.377      46.606
      28.829     -49.286      43.128
      32.390     -48.279      42.259
      33.542     -51.813      41.924
      36.580     -49.722      41.081
      38.402     -51.617      43.829
      41.582     -51.984      41.816
      40.417     -49.866      38.982
      41.267     -53.297      37.537
      40.169     -52.242      34.051
      43.100     -49.922      33.463
      42.855     -49.689      29.695
      46.627     -49.299      29.574
      46.816     -45.729      30.849
      46.807     -44.974      27.127
      43.101     -44.497      27.269
      43.086     -41.070      25.591
      45.264     -44.117      24.955
      43.996     -43.321      21.514
      41.680     -40.505      22.176
      39.504     -41.690      19.316
      39.130     -45.038      21.112
      35.385     -45.016      20.796
      34.837     -42.064      23.042
      32.474     -40.472      20.595
      33.830     -43.194      18.371
      32.626     -42.120      14.993
      36.364     -41.829      14.586
      36.796     -43.651      11.306
      34.944     -41.227       9.077
      38.059     -39.253       8.285
      37.054     -37.978       4.838
      35.156     -34.920       6.066
      36.368     -33.691       2.705
      34.001     -30.817       2.243
      37.195     -28.897       1.976
      34.484     -26.272       1.767
      36.554     -24.120       4.143
      37.264     -22.780       0.697
      33.700     -21.625       1.354
      34.993     -18.524      -0.532
      38.530     -19.787      -1.158
      38.767     -16.673      -3.291
      37.686     -14.233      -0.610
      38.578     -11.161      -2.701
      38.510     -13.057      -5.945
      39.911      -9.748      -7.332
      41.136      -9.350      -3.797
      43.927      -7.407      -5.425
      43.788      -4.553      -3.019
      44.935      -1.703      -5.292
      46.796      -0.408      -2.206
      47.456       3.180      -3.310
      46.993       1.808      -6.811
      47.590       5.175      -8.357
      46.480       6.523      -4.990
      42.665       6.736      -5.133
      42.263       5.926      -8.818
      38.574       5.002      -8.725
      38.526       8.396      -7.210
      35.072       7.686      -5.728
      36.204      10.801      -3.933
      34.524      12.622      -6.840
      31.568      13.813      -4.751
      31.865      17.018      -6.907
      31.989      14.439      -9.669
      32.616      16.805     -12.521
      36.241      17.290     -11.564
      37.737      15.045     -14.251
      38.986      18.120     -16.035
      42.336      16.370     -16.105
      42.855      19.982     -17.213
      40.204      20.622     -19.851
      41.982      23.970     -19.576
      41.444      24.605     -23.284
      45.009      23.381     -23.240
      44.621      22.102     -26.760
      42.382      24.993     -27.711
      44.415      24.460     -30.753
      41.611      22.518     -32.149
      41.705      24.269     -35.520
      45.058      25.910     -34.534
      43.603      28.679     -36.559
      46.528      28.117     -38.872
      44.896      30.092     -41.625
      46.044      27.666     -44.277
      45.150      29.817     -47.234
      48.670      30.708     -48.307
      49.158      27.188     -49.495
      48.700      28.552     -52.962
      51.931      30.492     -53.216
      51.908      29.932     -56.934
      54.845      27.602     -56.899
      53.561      25.340     -59.706
      57.159      24.190     -60.299
      56.258      22.659     -63.711
      52.599      23.038     -62.793
      51.758      21.874     -66.283
      55.008      21.754     -68.233
      55.221      25.286     -69.524
     -62.218     -18.458      51.992
     -60.651     -15.915      54.433
     -58.504     -18.999      55.109
     -55.737     -16.599      56.072
     -56.229     -16.380      59.890
     -53.136     -18.255      60.873
     -51.117     -15.031      60.768
     -49.406     -16.194      63.949
     -46.772     -18.199      62.095
     -45.239     -19.752      65.227
     -45.905     -23.234      63.874
     -42.166     -23.505      63.591
     -41.540     -20.447      65.702
     -39.052     -19.638      63.020
     -36.036     -19.666      65.198
     -35.774     -23.379      65.363
     -32.896     -23.339      67.739
     -31.001     -22.897      64.438
     -29.989     -26.278      65.860
     -28.816     -27.805      62.579
     -26.051     -29.969      63.978
     -23.420     -30.243      61.340
     -20.710     -31.210      63.773
     -20.858     -34.878      62.921
     -17.593     -35.928      64.521
     -19.496     -37.797      67.181
     -16.026     -38.992      68.078
     -17.630     -42.294      69.104
     -14.469     -44.366      68.563
     -15.058     -46.083      65.240
     -11.328     -46.424      64.504
     -11.929     -49.189      61.991
      -8.476     -50.614      61.776
      -9.456     -54.294      62.119
      -8.879     -54.641      58.425
     -12.431     -54.096      57.381
     -12.126     -57.729      56.250
      -8.397     -56.844      56.187
      -7.765     -57.627      52.548
      -5.395     -54.735      52.053
      -5.825     -54.110      48.352
      -5.421     -57.767      47.517
      -3.190     -56.583      44.605
      -1.093     -59.671      44.051
      -0.006     -58.822      40.555
       2.242     -56.380      42.485
       5.638     -58.083      42.785
       7.070     -55.092      40.995
       9.919     -54.044      43.190
      11.293     -57.527      42.967
      14.294     -55.874      44.514
      14.990     -53.535      41.570
      18.125     -55.601      41.866
      17.338     -56.747      45.367
      20.675     -55.210      46.323
      19.611     -52.123      48.136
      19.395     -50.430      44.759
      22.835     -51.890      45.272
      23.611     -48.657      47.069
      25.777     -50.629      49.478
      28.814     -48.799      48.230
      29.414     -52.046      46.417
      28.689     -50.756      42.950
      31.753     -48.535      42.895
      33.151     -50.934      40.454
      36.392     -49.530      41.799
      36.539     -53.182      40.869
      40.027     -54.283      41.587
      41.920     -51.114      40.688
      42.903     -53.050      37.524
      40.853     -50.678      35.431
      42.115     -47.458      36.856
      42.943     -47.178      33.218
      46.600     -46.437      33.579
      47.341     -44.995      30.099
      45.008     -47.707      28.753
      43.023     -44.825      27.476
      45.928     -45.137      25.081
      43.554     -47.557      23.492
      41.375     -44.514      24.196
      43.409     -43.543      21.244
      40.041     -42.716      19.784
      39.692     -46.204      18.445
      36.218     -45.832      19.739
      37.084     -42.456      21.180
      33.487     -41.844      20.015
      33.563     -45.369      18.587
      33.819     -44.446      14.922
      33.561     -40.760      15.585
      37.303     -40.917      15.176
      37.359     -41.954      11.549
      34.446     -39.584      11.456
      35.586     -38.110       8.151
      34.769     -34.497       9.082
      37.697     -33.862       6.776
      36.197     -31.715       4.077
      39.135     -29.418       4.569
      38.314     -28.457       0.959
      36.488     -25.579       2.546
      38.470     -24.652      -0.550
      35.569     -22.123      -0.730
      38.603     -20.375      -2.138
      36.884     -18.308      -4.764
      35.790     -15.394      -2.684
      39.062     -15.129      -0.831
      41.159     -15.554      -3.942
      41.339     -12.103      -5.474
      42.867     -10.077      -2.603
      39.718      -7.959      -2.426
      40.675      -5.716      -5.329
      44.172      -5.479      -4.004
      44.329      -1.723      -4.024
      47.826      -1.527      -2.544
      48.929       0.155      -5.829
      47.628       3.578      -4.820
      45.426       2.157      -7.469
      44.310       5.579      -8.597
      46.579       7.271      -6.107
      43.618       9.308      -4.980
      41.411       7.428      -7.448
      38.703       9.997      -7.103
      35.773       7.635      -6.616
      36.108      10.071      -3.664
      32.545       9.119      -4.227
      30.809      12.438      -4.047
      33.945      14.549      -4.801
      33.385      15.505      -8.440
      36.781      16.920      -8.994
      36.950      14.761     -12.045
      35.357      17.416     -14.152
      38.548      18.831     -15.704
      37.817      22.526     -15.932
      40.727      21.654     -18.261
      39.513      24.131     -20.957
      43.099      25.257     -20.316
      44.668      22.206     -21.925
      45.757      25.239     -23.955
      43.766      23.915     -26.840
      43.182      27.003     -28.958
      45.988      26.215     -31.320
      43.793      25.780     -34.359
      45.003      29.152     -35.588
      45.411      26.099     -37.903
      44.130      27.553     -41.077
      45.986      30.786     -40.379
      45.786      31.767     -44.001
      49.096      30.101     -44.609
      47.233      27.349     -46.380
      49.749      27.801     -49.189
      47.131      27.578     -51.873
      49.757      30.001     -53.041
      52.595      27.665     -53.789
      54.109      29.890     -56.401
      53.359      27.405     -59.114
      56.289      28.305     -61.405
      56.320      24.532     -61.720
      58.007      24.566     -65.112
      57.017      27.999     -66.281
      54.559      26.804     -68.947
      56.234      23.521     -68.094
      55.266      21.518     -71.133
     -62.283     -16.122      56.903
     -59.141     -14.906      55.077
     -57.921     -15.499      58.623
     -54.754     -16.947      57.204
     -53.634     -13.300      56.962
     -51.838     -12.801      60.224
     -52.778     -15.997      61.996
     -49.530     -17.044      60.370
     -49.590     -20.308      62.277
     -47.506     -18.225      64.715
     -45.375     -21.166      65.773
     -43.483     -21.123      62.551
     -41.447     -24.287      62.948
     -40.545     -23.469      66.431
     -36.915     -24.010      65.745
     -37.241     -26.543      63.081
     -35.627     -28.491      65.848
     -32.754     -30.006      63.826
     -30.713     -28.684      66.769
     -28.047     -31.232      66.086
     -30.517     -33.988      66.499
     -27.746     -36.064      65.070
     -25.340     -33.241      65.472
     -22.690     -35.272      63.647
     -21.209     -36.085      67.008
     -18.460     -36.098      64.471
     -15.729     -36.203      67.042
     -16.781     -39.783      67.732
     -13.068     -40.493      67.502
     -13.581     -41.600      63.905
     -13.141     -45.349      64.644
     -15.482     -46.641      61.985
     -14.491     -50.272      62.022
     -17.499     -50.727      59.720
     -15.338     -53.357      58.104
     -14.427     -52.200      54.602
     -14.349     -55.846      53.599
     -10.799     -54.902      52.737
     -10.095     -58.609      53.230
      -6.291     -58.342      53.642
      -6.564     -57.652      49.913
      -4.504     -60.787      49.601
      -1.633     -58.551      48.427
      -1.421     -60.434      45.170
       1.088     -58.397      43.273
       2.355     -58.611      46.874
       5.799     -59.128      45.420
       6.078     -55.777      43.718
       9.815     -56.035      43.430
       9.374     -59.684      42.575
      12.578     -58.680      40.817
      14.993     -61.457      41.450
      16.728     -58.390      39.994
      16.108     -56.092      42.900
      19.807     -55.294      43.412
      18.493     -53.318      46.345
      21.017     -50.637      45.532
      23.013     -52.577      48.039
      26.071     -50.449      47.428
      27.504     -52.005      50.599
      30.728     -51.433      48.748
      28.623     -51.586      45.719
      30.767     -49.626      43.279
      33.966     -51.566      43.319
      33.168     -51.238      39.633
      33.540     -54.985      39.959
      36.751     -54.359      37.964
      38.617     -53.550      41.156
      39.448     -50.250      39.444
      42.337     -52.548      38.428
      42.222     -50.261      35.462
      45.056     -48.407      37.069
      45.480     -46.498      33.913
      49.199     -46.773      33.289
      48.695     -44.462      30.350
      45.376     -45.864      31.532
      45.072     -48.510      28.848
      41.329     -47.553      28.984
      42.043     -48.363      25.337
      44.428     -45.479      25.651
      44.850     -46.482      22.106
      41.094     -46.458      21.961
      41.185     -48.920      19.195
      38.061     -47.304      18.001
      38.379     -44.850      20.912
      34.764     -43.878      20.642
      33.895     -45.487      17.348
      34.634     -42.222      15.604
      32.404     -39.918      17.577
      33.625     -37.111      15.322
      34.565     -39.512      12.552
      33.379     -37.849       9.372
      36.978     -36.546       9.320
      35.119     -33.251       9.202
      38.386     -32.665       7.276
      35.959     -30.812       5.180
      37.987     -27.955       6.530
      39.481     -28.798       3.118
      37.113     -26.053       1.926
      40.576     -25.114       0.627
      39.386     -25.371      -3.057
      42.065     -22.658      -3.282
      40.030     -19.983      -4.837
      40.259     -19.125      -1.246
      42.695     -16.253      -1.709
      41.408     -15.126      -5.123
      40.687     -12.008      -3.135
      44.290     -11.939      -2.041
      43.783     -10.674       1.466
      41.153      -8.391       0.067
      42.896      -5.040      -0.127
      43.044      -5.453      -3.915
      46.215      -3.463      -4.373
      44.660      -2.276      -7.554
      48.156      -0.987      -7.886
      47.532       2.195      -9.667
      45.707       3.764      -6.753
      48.562       6.267      -6.885
      46.714       9.558      -6.714
      43.623       7.428      -6.159
      41.210       9.895      -7.550
      38.482       9.095      -5.065
      37.400      12.700      -5.455
      33.991      10.924      -5.410
      32.705      13.602      -7.889
      33.895      15.688      -4.912
      32.638      18.827      -6.618
      33.829      18.232     -10.162
      34.322      21.774     -11.298
      37.635      20.520     -12.427
      36.542      20.994     -15.975
      39.018      23.768     -15.671
      41.295      21.226     -17.254
      39.185      21.687     -20.291
      41.611      24.608     -20.428
      43.292      24.083     -23.825
      40.316      25.984     -25.365
      42.488      25.419     -28.397
      43.261      28.979     -29.269
      46.044      27.891     -31.581
      46.378      30.605     -34.043
      48.594      28.503     -36.338
      45.541      26.667     -37.780
      44.381      29.167     -40.350
      47.765      28.892     -42.050
      45.761      30.695     -44.669
      48.167      30.581     -47.598
      48.609      26.946     -46.840
      52.196      26.821     -48.082
      50.907      28.868     -50.979
      53.082      27.555     -53.779
      50.824      29.083     -56.333
      52.364      27.298     -59.245
      51.329      30.249     -61.330
      54.082      29.161     -63.712
      56.257      27.797     -60.919
      58.340      25.718     -63.368
      59.712      28.864     -64.887
      59.919      27.620     -68.463
      56.717      25.583     -68.563
      55.477      28.460     -70.635
