        1000          56         137
      14.871      14.429      -1.782
      12.786      11.339      -2.691
      11.436       8.439      -0.563
      11.757       4.627      -0.768
       8.121       3.547      -1.501
       8.818      -0.015      -0.356
      11.811      -1.885       1.108
      13.503      -3.320      -2.049
      14.585      -6.726      -0.814
      17.563      -6.707      -3.174
      19.149     -10.176      -3.744
      22.612      -9.521      -5.221
      25.500      -7.467      -3.724
      25.259      -5.222      -6.824
      22.254      -3.340      -5.303
      21.960      -2.608      -1.588
      18.466      -3.047      -0.200
      17.031       0.224       1.294
      13.761       0.582       3.189
      10.569       2.658       3.410
      10.675       5.716       5.703
      14.482       6.178       5.204
      15.918       9.109       3.213
      17.784       8.513       0.008
      19.434      10.873      -2.563
      18.513       9.602      -6.024
      21.638       9.711      -8.374
      20.720       9.322     -12.123
      18.063       7.446     -14.282
      14.930       9.580     -14.608
      12.757       7.228     -16.629
      11.122       4.493     -14.551
      13.501       1.535     -14.238
      16.371       0.831     -11.785
      17.882       4.239     -10.698
      20.911       4.334      -8.385
      20.450       6.226      -5.128
      23.051       7.019      -2.362
      22.322       7.346       1.393
      23.632      10.490       2.995
      23.850       8.933       6.484
      26.630       6.348       6.246
      27.126       6.911       2.551
      26.605       3.534       0.777
      25.473       3.104      -2.910
      22.311       1.073      -3.647
      20.204       0.733      -6.841
      16.602       1.627      -5.787
      13.944       0.313      -8.150
      11.765       3.172      -9.571
       8.709       1.243      -8.431
      10.092       1.169      -4.864
      10.940       4.949      -4.877
       9.234       8.335      -5.536
      10.127      12.053      -5.705
       8.467      13.251      -2.451
      13.962      14.369      -1.068
      12.328      11.150      -2.287
      10.332       8.444      -0.442
      10.647       4.605      -0.426
       7.163       3.498      -1.430
       7.895      -0.037      -0.249
      10.779      -1.867       1.462
      12.699      -3.312      -1.561
      14.144      -6.577      -0.125
      17.244      -6.909      -2.375
      19.137     -10.158      -2.015
      22.685      -9.359      -3.202
      25.074      -6.929      -1.583
      25.256      -4.772      -4.762
      22.005      -3.081      -3.807
      21.102      -2.274      -0.164
      17.498      -3.003       0.681
      15.836       0.054       2.222
      12.239       0.512       3.389
       9.416       3.106       3.410
       9.190       5.923       5.890
      13.030       6.238       5.650
      14.684       9.337       4.179
      16.713       8.601       1.054
      18.690      10.893      -1.229
      18.307       9.985      -4.982
      21.644      10.046      -6.859
      21.290       9.388     -10.677
      18.950       8.176     -13.363
      16.162      10.764     -13.860
      13.536       8.657     -15.735
      11.802       5.807     -13.996
      13.919       2.665     -13.854
      16.411       1.722     -11.052
      17.998       4.987      -9.719
      20.680       4.571      -7.043
      19.804       6.350      -3.747
      22.279       7.157      -0.915
      21.126       6.963       2.701
      22.122       9.915       4.856
      22.823       7.650       7.835
      26.211       6.089       7.134
      26.599       7.068       3.502
      26.321       3.735       1.767
      25.047       3.273      -1.804
      22.012       1.072      -2.794
      19.953       0.916      -6.016
      16.292       1.345      -4.933
      13.756       0.586      -7.678
      11.658       3.573      -8.876
       8.528       1.459      -8.445
       9.606       1.244      -4.723
      10.302       5.030      -4.526
       8.538       8.357      -5.342
       9.638      12.023      -5.449
       7.824      12.766      -2.198
      13.716      14.409      -0.506
      11.743      11.362      -1.769
       9.836       8.579      -0.002
      10.177       4.825      -0.085
       6.790       3.775      -1.547
       7.402       0.208      -0.309
      10.011      -1.869       1.565
      12.015      -3.062      -1.410
      13.428      -6.395      -0.117
      16.688      -6.202      -2.086
      18.368      -9.677      -2.391
      22.042      -8.765      -3.016
      24.278      -6.863      -0.486
      25.036      -4.451      -3.378
      21.579      -3.032      -2.656
      20.471      -2.316       0.908
      16.814      -3.054       1.540
      15.138       0.069       2.966
      11.473       0.505       4.006
       8.530       2.939       3.664
       8.205       5.997       5.882
      12.023       6.329       6.081
      13.713       9.483       4.642
      16.255       8.736       1.953
      18.277      11.033      -0.301
      18.038       9.887      -3.966
      21.475       9.974      -5.706
      21.103       9.789      -9.403
      19.096       8.396     -12.316
      15.723      10.144     -12.287
      13.830       8.015     -14.725
      12.129       4.748     -13.857
      14.730       2.112     -12.837
      16.707       1.688      -9.615
      18.365       4.827      -8.270
      20.863       4.634      -5.273
      19.681       6.443      -2.142
      21.843       7.264       0.958
      20.171       7.367       4.419
      21.214      10.336       6.551
      20.531       8.438       9.768
      23.212       5.746       9.515
      24.836       6.528       6.163
      24.503       3.171       4.362
      24.154       2.921       0.573
      21.148       1.089      -0.841
      19.623       0.843      -4.331
      15.995       1.787      -3.748
      13.583       0.879      -6.670
      12.298       3.916      -8.689
       8.797       2.482      -8.745
       9.386       1.916      -4.972
       9.876       5.656      -4.351
       8.125       8.940      -5.101
       8.994      12.650      -5.019
       7.443      13.266      -1.549
      12.649      14.608       0.205
      11.354      11.353      -1.327
       9.110       8.673       0.211
       9.264       4.848       0.443
       6.169       3.707      -1.492
       6.689       0.071      -0.492
       9.094      -1.914       1.715
      11.624      -3.119      -0.915
      12.483      -6.444       0.771
      16.112      -6.792      -0.440
      17.850     -10.145      -0.283
      21.475      -9.276      -0.890
      23.615      -6.930       1.216
      24.161      -4.735      -1.921
      20.706      -3.082      -1.552
      19.349      -2.146       1.893
      15.678      -2.952       2.378
      13.888       0.140       3.746
      10.220       0.507       4.539
       7.293       2.740       3.772
       6.654       5.833       5.992
      10.375       6.379       6.726
      12.393       9.432       5.509
      15.199       8.753       2.948
      17.659      11.122       1.212
      18.167      10.452      -2.566
      21.805      10.675      -3.890
      21.942      10.238      -7.646
      20.051       8.768     -10.633
      17.309      11.184     -11.654
      15.587       8.936     -14.300
      13.268       6.135     -13.357
      15.378       3.011     -12.461
      17.193       2.265      -9.139
      18.703       5.312      -7.416
      21.002       5.111      -4.291
      19.560       6.929      -1.155
      21.211       7.491       2.182
      19.235       7.122       5.452
      20.149       9.975       7.888
      19.303       7.901      10.933
      22.463       5.784      10.886
      23.860       6.760       7.536
      23.655       3.527       5.544
      23.705       3.424       1.774
      20.841       1.381       0.293
      19.428       1.163      -3.276
      15.792       2.180      -3.247
      14.027       0.971      -6.473
      12.203       3.764      -8.315
       8.912       1.901      -8.353
       9.259       1.842      -4.529
       9.889       5.551      -3.983
       8.310       8.841      -4.852
       8.962      12.550      -4.500
       6.671      13.334      -1.545
      13.066      14.575       1.163
      11.510      11.580      -0.611
       8.994       8.925       0.626
       9.391       5.101       0.578
       6.267       4.235      -1.438
       6.368       0.614      -0.276
       8.319      -1.669       2.076
      11.002      -2.834      -0.432
      11.687      -6.294       1.030
      15.311      -6.637      -0.059
      16.951     -10.101       0.436
      20.707      -9.159       0.190
      22.457      -7.021       2.839
      23.619      -4.867      -0.098
      20.559      -2.658       0.125
      18.732      -2.180       3.448
      15.011      -2.998       3.488
      13.325       0.296       4.063
       9.621       0.733       4.781
       6.792       3.118       3.846
       6.195       6.056       6.231
       9.964       6.347       6.961
      11.852       9.499       5.976
      14.967       8.794       3.734
      17.522      11.095       2.165
      17.897      10.325      -1.603
      21.570      10.220      -2.685
      21.903      10.150      -6.579
      20.070       8.612      -9.571
      17.322      10.993     -10.632
      16.501       8.468     -13.236
      14.129       5.609     -12.321
      16.292       2.561     -11.383
      17.933       1.913      -8.022
      18.594       5.186      -6.358
      20.525       4.948      -3.008
      19.091       6.784       0.048
      20.677       7.365       3.483
      18.598       7.137       6.590
      19.076      10.006       9.139
      18.262       7.658      11.985
      21.484       5.681      12.237
      23.071       6.814       9.018
      23.059       3.515       7.090
      23.136       3.366       3.311
      20.245       1.550       1.555
      19.541       1.402      -2.174
      15.767       2.099      -2.194
      13.843       0.902      -5.284
      12.715       3.740      -7.622
       9.310       2.191      -8.165
       9.129       1.975      -4.330
      10.082       5.633      -3.788
       8.788       9.078      -4.761
       9.920      12.672      -4.273
       7.211      13.665      -1.802
      13.066      14.575       1.163
      11.510      11.580      -0.611
       8.994       8.925       0.626
       9.391       5.101       0.578
       6.267       4.235      -1.438
       6.368       0.614      -0.276
       8.319      -1.669       2.076
      11.002      -2.834      -0.432
      11.687      -6.294       1.030
      15.311      -6.637      -0.059
      16.951     -10.101       0.436
      20.707      -9.159       0.190
      22.457      -7.021       2.839
      23.619      -4.867      -0.098
      20.559      -2.658       0.125
      18.732      -2.180       3.448
      15.011      -2.998       3.488
      13.325       0.296       4.063
       9.621       0.733       4.781
       6.792       3.118       3.846
       6.195       6.056       6.231
       9.964       6.347       6.961
      11.852       9.499       5.976
      14.967       8.794       3.734
      17.522      11.095       2.165
      17.897      10.325      -1.603
      21.570      10.220      -2.685
      21.903      10.150      -6.579
      20.070       8.612      -9.571
      17.322      10.993     -10.632
      16.501       8.468     -13.236
      14.129       5.609     -12.321
      16.292       2.561     -11.383
      17.933       1.913      -8.022
      18.594       5.186      -6.358
      20.525       4.948      -3.008
      19.091       6.784       0.048
      20.677       7.365       3.483
      18.598       7.137       6.590
      19.076      10.006       9.139
      18.262       7.658      11.985
      21.484       5.681      12.237
      23.071       6.814       9.018
      23.059       3.515       7.090
      23.136       3.366       3.311
      20.245       1.550       1.555
      19.541       1.402      -2.174
      15.767       2.099      -2.194
      13.843       0.902      -5.284
      12.715       3.740      -7.622
       9.310       2.191      -8.165
       9.129       1.975      -4.330
      10.082       5.633      -3.788
       8.788       9.078      -4.761
       9.920      12.672      -4.273
       7.211      13.665      -1.802
