        1000
      16.324      13.419      -2.121
      13.904      10.624      -3.071
      12.408       7.974      -0.797
      12.127       4.131      -0.983
       8.430       3.440      -1.219
       9.097      -0.226      -0.460
      12.140      -2.456       0.271
      12.783      -4.211      -3.043
      14.270      -7.527      -1.786
      17.033      -8.000      -4.412
      18.606     -11.462      -4.863
      21.806     -10.609      -6.720
      24.611      -8.195      -5.654
      24.232      -6.259      -8.930
      21.192      -4.400      -7.502
      21.359      -3.641      -3.768
      18.321      -4.475      -1.629
      17.170      -1.163      -0.003
      14.275      -0.477       2.379
      11.579       2.182       2.951
      12.278       4.972       5.462
      15.973       5.036       4.571
      17.418       7.841       2.454
      18.716       7.163      -1.045
      20.310       9.564      -3.625
      18.701       9.019      -7.052
      21.471       9.089      -9.680
      19.902       9.127     -13.189
      16.833       7.641     -14.966
      13.826       9.973     -14.329
      11.484       7.769     -16.326
       9.798       4.798     -14.608
      12.432       2.038     -14.876
      15.301       1.170     -12.545
      17.185       4.293     -11.552
      20.528       3.807      -9.789
      20.681       5.292      -6.290
      23.758       5.686      -4.123
      23.398       5.253      -0.386
      25.058       8.211       1.408
      25.548       6.183       4.581
      27.803       3.378       3.337
      28.189       4.533      -0.287
      27.369       1.378      -2.302
      25.646       1.531      -5.689
      22.220      -0.252      -5.848
      19.454       0.139      -8.434
      16.243       1.143      -6.567
      13.090       0.067      -8.460
      11.262       3.106      -9.852
       7.916       1.901      -8.449
       9.803       1.157      -5.177
      10.948       4.784      -4.927
       9.401       8.310      -5.204
      10.691      11.946      -5.420
       9.892      12.953      -1.804
      16.854      12.496      -1.449
      14.231       9.807      -2.179
      12.616       7.140       0.090
      12.280       3.407      -0.378
       8.424       2.873      -0.213
       8.854      -0.838       0.318
      11.714      -3.389       0.796
      11.948      -4.340      -2.906
      13.024      -8.019      -2.763
      14.918      -7.883      -6.113
      15.530     -11.264      -7.824
      18.682     -10.638     -10.002
      22.035     -10.226      -8.354
      22.507      -6.969     -10.261
      20.026      -5.152      -8.057
      20.337      -4.936      -4.261
      17.284      -5.574      -2.123
      16.803      -2.325      -0.191
      14.270      -1.548       2.462
      11.820       1.115       3.741
      13.357       3.537       6.166
      16.739       3.477       4.294
      18.002       6.613       2.489
      19.330       6.341      -1.069
      20.820       8.958      -3.493
      19.354       8.404      -7.002
      22.086       8.140      -9.662
      20.681       7.983     -13.203
      17.410       7.134     -14.986
      15.047      10.217     -15.008
      12.128       8.404     -16.619
       9.764       6.462     -14.368
      11.000       2.802     -14.190
      14.199       1.544     -12.482
      16.759       4.156     -11.431
      19.859       3.049      -9.547
      20.618       4.748      -6.227
      23.863       4.528      -4.277
      23.759       4.235      -0.498
      25.965       6.720       1.381
      26.501       4.545       4.438
      28.066       1.328       3.079
      28.384       2.574      -0.524
      26.765      -0.403      -2.316
      24.802       0.094      -5.600
      21.382      -1.483      -6.140
      18.648      -0.575      -8.732
      15.760       0.578      -6.487
      12.276       0.165      -8.083
      10.442       3.440      -8.902
       7.288       1.784      -7.595
       8.900       1.047      -4.210
      10.533       4.560      -4.147
       9.309       8.159      -3.760
      10.731      11.673      -4.063
      10.438      12.517      -0.322
      18.103      11.608      -0.264
      15.205       9.384      -1.383
      13.292       6.672       0.442
      12.274       2.947      -0.295
       8.527       3.386      -0.401
       8.361      -0.403      -0.306
      10.694      -3.470      -0.139
      11.073      -4.424      -3.822
      11.412      -8.191      -3.591
      13.462      -8.600      -6.793
      14.662     -12.141      -7.586
      17.962     -11.859      -9.410
      21.212     -10.298      -8.040
      21.368      -8.040     -11.113
      19.126      -5.642      -9.085
      19.208      -5.733      -5.230
      15.877      -5.715      -3.428
      16.025      -3.036      -0.713
      13.457      -2.425       1.977
      11.300       0.355       3.495
      13.067       2.645       5.974
      16.582       2.037       4.377
      18.664       4.996       2.983
      19.676       4.737      -0.723
      21.526       7.194      -2.964
      19.762       7.495      -6.332
      21.858       7.511      -9.527
      19.734       8.709     -12.392
      16.195       8.327     -13.749
      13.968      10.601     -11.574
      10.839       9.767     -13.624
       8.714       6.781     -12.651
      10.331       3.539     -13.913
      13.436       1.645     -12.687
      16.280       3.895     -11.511
      19.724       2.624     -10.325
      20.477       3.610      -6.745
      23.607       2.857      -4.695
      23.567       1.818      -1.032
      26.075       3.261       1.473
      26.251       0.157       3.647
      28.329      -2.267       1.556
      28.351      -0.196      -1.632
      26.300      -2.456      -3.902
      24.216      -1.362      -6.893
      20.510      -2.277      -6.767
      17.628      -1.118      -9.042
      14.973       0.364      -6.708
      11.547       0.691      -8.369
      10.633       4.376      -8.546
       7.088       3.342      -7.660
       8.802       1.789      -4.576
      10.941       4.880      -3.986
      10.424       8.609      -3.592
      12.449      11.838      -3.121
      11.909      12.316       0.616
      18.997      10.019       0.438
      15.730       8.300      -0.690
      13.654       5.588       1.171
      12.587       2.180       0.189
       8.777       2.628       0.576
       8.514      -1.190       0.199
      10.686      -4.281      -0.238
      10.346      -4.757      -4.014
      10.463      -8.585      -4.320
      12.193      -8.695      -7.683
      12.049     -12.174      -9.212
      14.924     -11.992     -11.795
      18.583     -11.155     -11.186
      18.429      -7.950     -13.246
      17.177      -5.950     -10.226
      18.012      -6.683      -6.628
      15.124      -7.030      -4.260
      15.679      -4.623      -1.369
      13.500      -3.864       1.635
      12.021      -0.787       3.392
      13.860       1.172       6.193
      17.052       0.521       4.226
      18.984       3.599       3.071
      19.720       3.719      -0.707
      21.764       5.990      -3.035
      19.808       6.905      -6.229
      21.985       6.426      -9.340
      20.381       7.528     -12.552
      16.965       7.813     -14.236
      15.672      11.305     -13.298
      11.987      10.772     -14.216
       9.771       8.464     -12.201
      10.265       4.804     -13.209
      12.885       2.317     -11.984
      15.931       4.331     -10.893
      19.023       2.377      -9.896
      20.065       2.508      -6.241
      23.246       1.207      -4.616
      23.246       0.007      -0.988
      26.219       1.600       0.734
      26.505      -1.552       2.790
      27.826      -4.225       0.418
      28.086      -2.463      -2.968
      25.413      -4.329      -4.930
      23.348      -2.635      -7.600
      19.583      -3.211      -7.797
      17.020      -1.043      -9.471
      14.574       0.049      -6.718
      11.002       0.634      -8.022
       9.954       4.299      -8.061
       6.688       3.512      -6.380
       8.807       1.629      -3.862
      10.921       4.643      -2.945
      10.473       8.237      -1.826
      12.859      11.166      -1.287
      13.092      10.942       2.554
      20.676       8.236       0.474
      17.054       7.027      -0.242
      14.738       4.626       1.475
      12.870       1.334       0.529
       9.289       2.437       0.722
       8.421      -1.284      -0.071
      10.017      -4.620      -0.733
       9.725      -4.711      -4.565
       9.497      -8.447      -5.160
      10.876      -8.168      -8.756
      10.060     -11.187     -10.910
      12.812     -11.147     -13.535
      16.486     -11.827     -12.700
      17.646      -8.591     -14.332
      16.134      -6.612     -11.436
      16.964      -7.489      -7.741
      14.134      -7.356      -5.149
      15.167      -5.283      -2.191
      13.331      -4.760       1.126
      12.007      -1.908       3.289
      14.290      -0.332       5.939
      17.343      -1.344       4.009
      19.735       1.339       2.849
      20.166       1.656      -0.927
      22.240       4.197      -2.888
      20.145       5.491      -5.874
      22.072       5.848      -9.122
      20.017       7.681     -11.795
      16.383       8.307     -12.845
      14.943      10.945     -10.440
      11.377      11.019     -11.770
       8.991       8.062     -11.238
      10.047       5.033     -13.324
      12.712       2.489     -12.336
      16.008       3.963     -11.194
      18.829       1.476     -10.561
      20.015       1.535      -6.930
      23.115      -0.260      -5.509
      23.573      -1.779      -2.037
      26.583      -0.573      -0.058
      27.040      -3.902       1.738
      27.820      -6.460      -0.957
      27.652      -4.125      -3.939
      25.042      -5.763      -6.184
      22.855      -4.117      -8.851
      19.070      -4.113      -8.465
      16.450      -1.928     -10.211
      14.359      -0.416      -7.354
      10.930       0.972      -8.249
      10.721       4.750      -7.708
       7.228       4.352      -6.203
       8.845       1.804      -3.772
      11.636       4.255      -2.778
      11.837       7.895      -1.664
      14.682      10.371      -1.076
      14.728      10.058       2.729
      20.676       8.236       0.474
      17.054       7.027      -0.242
      14.738       4.626       1.475
      12.870       1.334       0.529
       9.289       2.437       0.722
       8.421      -1.284      -0.071
      10.017      -4.620      -0.733
       9.725      -4.711      -4.565
       9.497      -8.447      -5.160
      10.876      -8.168      -8.756
      10.060     -11.187     -10.910
      12.812     -11.147     -13.535
      16.486     -11.827     -12.700
      17.646      -8.591     -14.332
      16.134      -6.612     -11.436
      16.964      -7.489      -7.741
      14.134      -7.356      -5.149
      15.167      -5.283      -2.191
      13.331      -4.760       1.126
      12.007      -1.908       3.289
      14.290      -0.332       5.939
      17.343      -1.344       4.009
      19.735       1.339       2.849
      20.166       1.656      -0.927
      22.240       4.197      -2.888
      20.145       5.491      -5.874
      22.072       5.848      -9.122
      20.017       7.681     -11.795
      16.383       8.307     -12.845
      14.943      10.945     -10.440
      11.377      11.019     -11.770
       8.991       8.062     -11.238
      10.047       5.033     -13.324
      12.712       2.489     -12.336
      16.008       3.963     -11.194
      18.829       1.476     -10.561
      20.015       1.535      -6.930
      23.115      -0.260      -5.509
      23.573      -1.779      -2.037
      26.583      -0.573      -0.058
      27.040      -3.902       1.738
      27.820      -6.460      -0.957
      27.652      -4.125      -3.939
      25.042      -5.763      -6.184
      22.855      -4.117      -8.851
      19.070      -4.113      -8.465
      16.450      -1.928     -10.211
      14.359      -0.416      -7.354
      10.930       0.972      -8.249
      10.721       4.750      -7.708
       7.228       4.352      -6.203
       8.845       1.804      -3.772
      11.636       4.255      -2.778
      11.837       7.895      -1.664
      14.682      10.371      -1.076
      14.728      10.058       2.729
