  # There has been        5000 steps
 # The current temp is  0.210788444    
 # Number of atoms
          56
 # X(i)Y(i)Z(i)
    1   1 CA THR  14.817  10.262  -4.433   1.000
    2   2 CA PHE  13.497   6.625  -4.453   1.000
    3   3 CA VAL  11.556   4.829  -1.703   1.000
    4   4 CA ALA  12.162   1.373  -0.056   1.000
    5   5 CA LEU   8.732  -0.089  -0.922   1.000
    6   6 CA TYR   9.377  -3.037   1.443   1.000
    7   7 CA ASP  12.125  -4.108   3.900   1.000
    8   8 CA TYR  14.368  -6.402   1.838   1.000
    9   9 CA GLU  15.848  -8.564   4.638   1.000
   10  10 CA SER  18.919  -9.558   2.463   1.000
   11  11 CA ARG  21.218 -11.867   4.421   1.000
   12  12 CA THR  24.672 -11.224   2.826   1.000
   13  13 CA GLU  27.279  -8.580   3.733   1.000
   14  14 CA THR  27.390  -7.701   0.004   1.000
   15  15 CA ASP  23.870  -6.312   0.297   1.000
   16  16 CA LEU  22.650  -4.332   3.243   1.000
   17  17 CA SER  19.078  -5.056   4.244   1.000
   18  18 CA PHE  17.049  -1.843   4.394   1.000
   19  19 CA LYS  13.307  -1.136   5.030   1.000
   20  20 CA LYS  10.199   0.869   4.123   1.000
   21  21 CA GLY  10.219   4.539   5.258   1.000
   22  22 CA GLU  14.015   5.046   4.920   1.000
   23  23 CA ARG  15.371   7.276   2.121   1.000
   24  24 CA LEU  17.836   5.762  -0.319   1.000
   25  25 CA GLN  19.661   7.292  -3.335   1.000
   26  26 CA ILE  19.678   4.819  -6.272   1.000
   27  27 CA VAL  23.178   4.640  -7.900   1.000
   28  28 CA ASN  23.244   2.429 -10.940   1.000
   29  29 CA ASN  21.077  -0.102 -12.723   1.000
   30  30 CA THR  18.347   1.971 -14.482   1.000
   31  31 CA GLU  16.266  -1.124 -15.482   1.000
   32  32 CA GLY  14.208  -2.951 -12.767   1.000
   33  33 CA ASP  16.515  -5.510 -11.216   1.000
   34  34 CA TRP  19.047  -5.071  -8.357   1.000
   35  35 CA TRP  20.395  -1.532  -8.236   1.000
   36  36 CA LEU  22.912  -0.372  -5.585   1.000
   37  37 CA ALA  21.598   2.381  -3.286   1.000
   38  38 CA HIS  23.542   4.567  -0.705   1.000
   39  39 CA SER  22.029   5.917   2.555   1.000
   40  40 CA LEU  22.755   9.749   2.835   1.000
   41  41 CA THR  22.941   9.314   6.594   1.000
   42  42 CA THR  26.010   7.188   7.229   1.000
   43  43 CA GLY  27.383   6.473   3.730   1.000
   44  44 CA GLN  26.819   2.777   3.442   1.000
   45  45 CA THR  26.003   0.941   0.160   1.000
   46  46 CA GLY  23.525  -1.953  -0.097   1.000
   47  47 CA TYR  21.755  -3.361  -3.216   1.000
   48  48 CA ILE  18.023  -2.757  -2.750   1.000
   49  49 CA PRO  15.721  -5.016  -4.777   1.000
   50  50 CA SER  13.842  -3.067  -7.472   1.000
   51  51 CA ASN  10.863  -5.252  -6.396   1.000
   52  52 CA TYR  11.183  -3.518  -2.983   1.000
   53  53 CA VAL  12.061  -0.033  -4.157   1.000
   54  54 CA ALA  10.795   2.492  -6.662   1.000
   55  55 CA PRO  11.602   5.977  -8.104   1.000
   56  56 CA SER   9.044   7.564  -5.842   1.000
    1  -0.103  -0.584  -0.300
    2  -0.296   0.336  -0.264
    3   0.665   0.382   0.702
    4   0.172  -0.428   0.461
    5   0.566  -0.264  -0.645
    6  -0.157  -0.593   0.267
    7   0.008  -1.067   0.109
    8  -0.072   0.183   0.246
    9   0.003  -0.743  -0.429
   10   0.379   0.112   0.678
   11  -0.900  -0.214   0.822
   12   0.129   0.118  -0.104
   13   0.560   0.298   0.528
   14  -0.264  -0.576   0.367
   15  -0.246   0.494   0.319
   16  -0.155  -0.158  -0.391
   17   0.043   0.823   0.119
   18  -0.286   0.211   0.586
   19   0.332  -0.718   0.366
   20  -0.973  -0.119  -0.274
   21   0.288  -0.319   0.743
   22  -0.673   0.369   0.470
   23   0.495   0.104   0.137
   24   0.357   0.167  -0.161
   25  -0.176   0.103  -0.671
   26   0.279   0.605  -0.014
   27   0.412  -0.332   0.010
   28  -0.080  -0.409  -0.572
   29  -0.213  -0.354   0.407
   30   0.430  -0.590   0.209
   31   1.163  -0.181  -0.109
   32  -0.260  -0.386   0.023
   33   0.869  -0.585   0.327
   34  -0.013   0.568   0.326
   35  -0.120  -0.793  -0.578
   36  -0.241   0.576   0.504
   37   0.384  -0.151   0.304
   38  -0.893  -0.100   0.068
   39  -0.156   0.006   0.460
   40   0.315   0.358   0.183
   41  -0.210  -0.874  -0.377
   42   0.109   0.444   0.350
   43  -0.334  -0.303   0.085
   44  -0.180  -0.133   0.125
   45   0.106  -0.470  -0.140
   46  -0.702  -0.440  -0.082
   47   0.279  -0.759   0.495
   48  -0.401   0.490   0.420
   49   0.489   0.406  -0.232
   50  -0.284  -0.404   0.203
   51   0.309   0.052   0.741
   52  -0.167  -0.489   0.126
   53   1.071  -0.304   0.596
   54   0.646   0.472  -1.255
   55   0.004  -0.961  -0.036
   56   0.338   0.358  -0.129
           1
          56
