  # There has been        5000 steps
 # The current temp is  0.239722833    
 # Number of atoms
          56
 # X(i)Y(i)Z(i)
    1   1 CA THR  13.066  14.575   1.163   1.000
    2   2 CA PHE  11.510  11.580  -0.611   1.000
    3   3 CA VAL   8.994   8.925   0.626   1.000
    4   4 CA ALA   9.391   5.101   0.578   1.000
    5   5 CA LEU   6.267   4.235  -1.438   1.000
    6   6 CA TYR   6.368   0.614  -0.276   1.000
    7   7 CA ASP   8.319  -1.669   2.076   1.000
    8   8 CA TYR  11.002  -2.834  -0.432   1.000
    9   9 CA GLU  11.687  -6.294   1.030   1.000
   10  10 CA SER  15.311  -6.637  -0.059   1.000
   11  11 CA ARG  16.951 -10.101   0.436   1.000
   12  12 CA THR  20.707  -9.159   0.190   1.000
   13  13 CA GLU  22.457  -7.021   2.839   1.000
   14  14 CA THR  23.619  -4.867  -0.098   1.000
   15  15 CA ASP  20.559  -2.658   0.125   1.000
   16  16 CA LEU  18.732  -2.180   3.448   1.000
   17  17 CA SER  15.011  -2.998   3.488   1.000
   18  18 CA PHE  13.325   0.296   4.063   1.000
   19  19 CA LYS   9.621   0.733   4.781   1.000
   20  20 CA LYS   6.792   3.118   3.846   1.000
   21  21 CA GLY   6.195   6.056   6.231   1.000
   22  22 CA GLU   9.964   6.347   6.961   1.000
   23  23 CA ARG  11.852   9.499   5.976   1.000
   24  24 CA LEU  14.967   8.794   3.734   1.000
   25  25 CA GLN  17.522  11.095   2.165   1.000
   26  26 CA ILE  17.897  10.325  -1.603   1.000
   27  27 CA VAL  21.570  10.220  -2.685   1.000
   28  28 CA ASN  21.903  10.150  -6.579   1.000
   29  29 CA ASN  20.070   8.612  -9.571   1.000
   30  30 CA THR  17.322  10.993 -10.632   1.000
   31  31 CA GLU  16.501   8.468 -13.236   1.000
   32  32 CA GLY  14.129   5.609 -12.321   1.000
   33  33 CA ASP  16.292   2.561 -11.383   1.000
   34  34 CA TRP  17.933   1.913  -8.022   1.000
   35  35 CA TRP  18.594   5.186  -6.358   1.000
   36  36 CA LEU  20.525   4.948  -3.008   1.000
   37  37 CA ALA  19.091   6.784   0.048   1.000
   38  38 CA HIS  20.677   7.365   3.483   1.000
   39  39 CA SER  18.598   7.137   6.590   1.000
   40  40 CA LEU  19.076  10.006   9.139   1.000
   41  41 CA THR  18.262   7.658  11.985   1.000
   42  42 CA THR  21.484   5.681  12.237   1.000
   43  43 CA GLY  23.071   6.814   9.018   1.000
   44  44 CA GLN  23.059   3.515   7.090   1.000
   45  45 CA THR  23.136   3.366   3.311   1.000
   46  46 CA GLY  20.245   1.550   1.555   1.000
   47  47 CA TYR  19.541   1.402  -2.174   1.000
   48  48 CA ILE  15.767   2.099  -2.194   1.000
   49  49 CA PRO  13.843   0.902  -5.284   1.000
   50  50 CA SER  12.715   3.740  -7.622   1.000
   51  51 CA ASN   9.310   2.191  -8.165   1.000
   52  52 CA TYR   9.129   1.975  -4.330   1.000
   53  53 CA VAL  10.082   5.633  -3.788   1.000
   54  54 CA ALA   8.788   9.078  -4.761   1.000
   55  55 CA PRO   9.920  12.672  -4.273   1.000
   56  56 CA SER   7.211  13.665  -1.802   1.000
    1  -0.131   0.598  -0.019
    2   0.052   0.172   0.469
    3  -0.044   0.301  -0.209
    4  -0.386  -0.316   0.248
    5   0.589   0.101  -0.269
    6  -0.347   0.477   0.014
    7  -0.531   0.425   0.254
    8   0.468   0.268   0.131
    9  -0.434  -0.554  -0.668
   10  -0.066   0.012  -0.034
   11   0.093   0.094  -0.125
   12  -1.160  -1.083  -0.424
   13  -0.129  -0.516   0.486
   14  -1.142  -0.790   0.120
   15   1.116   0.229  -0.571
   16   0.448   0.638   0.105
   17  -0.302   0.230   0.617
   18  -0.172  -0.118   0.567
   19   0.269   0.233   0.356
   20   0.256   0.970   0.350
   21  -0.056   0.317  -0.177
   22  -0.684  -0.468  -0.413
   23   0.416   0.029   0.712
   24  -0.366  -0.987   0.275
   25  -0.198   0.522  -0.306
   26   0.322  -0.256   0.661
   27  -0.198  -0.560   0.592
   28   0.215   1.007   0.482
   29   0.506  -0.307  -0.400
   30   0.300   0.154   0.087
   31  -0.341   0.800   0.261
   32  -0.844  -0.437  -0.852
   33   0.147  -0.246   0.182
   34   0.721  -0.652   0.001
   35   0.035  -0.229   0.930
   36  -0.027   0.492   0.131
   37  -0.599   0.011   0.513
   38  -0.386   0.022   0.642
   39  -0.495  -0.500  -0.234
   40   0.180   0.099   0.859
   41  -0.487   0.068   0.654
   42   0.151  -0.145   0.591
   43   0.072   0.514  -0.258
   44   0.597   0.720   0.809
   45  -0.848  -0.242   0.260
   46  -0.193   0.529   0.115
   47   0.276  -0.302   0.599
   48  -0.635  -0.016   0.632
   49   0.700  -0.211   1.271
   50  -0.124  -0.159   0.106
   51   0.166  -0.308   0.063
   52   0.762   0.275   1.149
   53  -0.253  -0.272  -0.752
   54   0.673  -0.803   0.264
   55  -0.167  -0.155  -0.284
   56  -0.029  -0.152   0.164
           1
          56
