  # There has been        5000 steps
 # The current temp is  0.289838970    
 # Number of atoms
          56
 # X(i)Y(i)Z(i)
    1   1 CA THR  12.454  14.412   1.156   1.000
    2   2 CA PHE  10.241  12.169  -1.052   1.000
    3   3 CA VAL   7.229  10.093  -0.017   1.000
    4   4 CA ALA   6.629   6.359  -0.403   1.000
    5   5 CA LEU   3.565   6.364  -2.735   1.000
    6   6 CA TYR   2.697   2.676  -2.045   1.000
    7   7 CA ASP   3.970  -0.099   0.191   1.000
    8   8 CA TYR   6.422  -1.588  -2.370   1.000
    9   9 CA GLU   6.076  -5.168  -1.078   1.000
   10  10 CA SER   9.691  -6.257  -1.846   1.000
   11  11 CA ARG  10.452  -9.934  -1.537   1.000
   12  12 CA THR  14.272  -9.924  -1.373   1.000
   13  13 CA GLU  16.356  -8.999   1.790   1.000
   14  14 CA THR  18.654  -6.724  -0.235   1.000
   15  15 CA ASP  15.872  -4.114  -0.723   1.000
   16  16 CA LEU  13.664  -3.336   2.279   1.000
   17  17 CA SER  10.000  -2.892   1.409   1.000
   18  18 CA PHE   8.755   0.338   3.041   1.000
   19  19 CA LYS   5.206   1.607   3.522   1.000
   20  20 CA LYS   2.887   4.445   2.481   1.000
   21  21 CA GLY   3.128   7.679   4.447   1.000
   22  22 CA GLU   6.627   7.004   5.841   1.000
   23  23 CA ARG   9.401   9.542   5.391   1.000
   24  24 CA LEU  12.443   8.219   3.473   1.000
   25  25 CA GLN  15.758   9.759   2.468   1.000
   26  26 CA ILE  16.430   9.145  -1.238   1.000
   27  27 CA VAL  20.099   8.458  -1.722   1.000
   28  28 CA ASN  20.758   8.327  -5.479   1.000
   29  29 CA ASN  18.560   7.900  -8.609   1.000
   30  30 CA THR  16.259  10.925  -9.125   1.000
   31  31 CA GLU  14.779   9.981 -12.548   1.000
   32  32 CA GLY  12.262   7.179 -12.589   1.000
   33  33 CA ASP  13.971   3.752 -12.076   1.000
   34  34 CA TRP  14.742   2.076  -8.747   1.000
   35  35 CA TRP  16.314   4.595  -6.334   1.000
   36  36 CA LEU  17.731   3.552  -2.912   1.000
   37  37 CA ALA  16.365   5.279   0.199   1.000
   38  38 CA HIS  17.657   5.204   3.826   1.000
   39  39 CA SER  15.354   5.896   6.817   1.000
   40  40 CA LEU  16.335   8.533   9.455   1.000
   41  41 CA THR  14.479   6.590  12.144   1.000
   42  42 CA THR  16.578   3.415  12.729   1.000
   43  43 CA GLY  19.116   3.884   9.937   1.000
   44  44 CA GLN  18.143   0.966   7.602   1.000
   45  45 CA THR  18.832   0.717   3.873   1.000
   46  46 CA GLY  15.974  -0.191   1.410   1.000
   47  47 CA TYR  15.640   0.211  -2.394   1.000
   48  48 CA ILE  12.232   1.826  -2.932   1.000
   49  49 CA PRO  10.761   1.736  -6.435   1.000
   50  50 CA SER  10.150   5.181  -8.038   1.000
   51  51 CA ASN   6.816   3.894  -9.138   1.000
   52  52 CA TYR   5.896   3.917  -5.496   1.000
   53  53 CA VAL   7.703   7.078  -4.358   1.000
   54  54 CA ALA   7.317  10.735  -5.217   1.000
   55  55 CA PRO   9.260  13.938  -4.543   1.000
   56  56 CA SER   6.868  15.583  -2.101   1.000
    1   0.204   0.236   0.429
    2   1.054  -0.265   0.061
    3  -0.407   0.053   0.044
    4  -0.072   0.262  -0.522
    5  -0.388   0.790   0.144
    6  -0.089   0.128  -0.337
    7   0.248   0.415  -0.189
    8  -0.285   0.213  -0.118
    9  -0.683   0.096  -0.396
   10  -0.351   0.285   0.080
   11   0.628  -0.229   0.620
   12  -0.526   0.385  -0.813
   13  -0.500   0.134   0.844
   14  -0.369   0.286   0.782
   15   0.031  -0.003   0.128
   16   0.050  -1.030   0.201
   17  -0.395   0.208  -0.698
   18   0.058  -0.249   0.531
   19   0.437   0.110  -0.841
   20   0.214  -0.408  -0.042
   21  -0.062  -0.016  -0.679
   22  -0.111  -0.227  -0.458
   23  -0.027   0.061   0.341
   24  -0.465   0.098   0.508
   25  -0.293  -0.187   0.652
   26  -0.353   0.441   0.796
   27  -0.559   0.034   0.387
   28   0.260  -1.291   0.600
   29  -0.243  -0.242   1.235
   30   0.180  -0.039   0.381
   31  -1.015   0.105  -1.215
   32   0.417  -0.197   0.462
   33   0.026  -0.314   0.875
   34  -0.018  -1.358   0.062
   35  -0.246  -0.325   0.536
   36   0.427  -0.305   0.318
   37   0.214  -0.695   0.351
   38  -0.780  -0.925  -0.294
   39   0.116   0.663   0.211
   40  -0.417   0.182   0.555
   41  -1.437   0.907   0.901
   42  -0.245   0.143   0.300
   43  -1.022  -0.320   0.686
   44  -0.132  -0.409   0.369
   45   0.953   0.930   0.978
   46  -0.832  -0.370  -0.074
   47  -0.397   0.553   0.164
   48  -0.625   0.436  -0.879
   49  -0.322   0.641   0.508
   50  -0.761   0.929  -0.270
   51  -0.574   0.083  -0.366
   52  -1.491   0.503   0.489
   53  -0.321  -0.834  -0.076
   54   0.040   0.238  -0.248
   55   0.557  -0.259   0.345
   56  -0.523   0.648   0.227
           1
          56
