 DEBUG
 READ CONFORMATION
 reading LJ contacts
           1
        1000
 INTEGRAEHERE
 INEGRATEHERE
      14.321      14.488      -1.358
      12.756      11.265      -2.742
      10.831       8.459      -0.931
      10.913       4.597      -1.086
       7.283       3.846      -1.980
       7.863       0.293      -0.843
      10.889      -1.671       0.510
      12.033      -3.426      -2.685
      13.664      -6.505      -1.219
      16.517      -6.781      -3.702
      18.193     -10.241      -3.809
      21.878      -9.777      -4.719
      24.312      -7.377      -2.919
      24.705      -5.521      -6.263
      21.742      -3.264      -5.469
      20.863      -2.637      -1.766
      17.188      -2.949      -0.896
      15.841       0.052       0.939
      12.520       0.459       2.746
       9.545       2.872       3.022
      10.157       5.974       5.148
      13.923       6.081       4.480
      15.691       9.150       3.039
      17.622       8.531      -0.185
      19.534      10.840      -2.598
      18.531       9.752      -6.112
      21.541       9.330      -8.404
      20.612       8.963     -12.083
      17.657       7.668     -14.163
      14.979      10.348     -14.692
      12.499       7.834     -16.119
      10.809       5.255     -13.894
      13.118       2.135     -13.910
      15.866       1.321     -11.440
      17.640       4.496     -10.435
      20.659       4.146      -8.151
      20.255       5.977      -4.818
      22.768       6.501      -2.031
      21.856       6.837       1.662
      23.516       9.727       3.466
      23.427       7.863       6.787
      25.885       5.068       5.972
      26.877       6.030       2.351
      26.498       2.842       0.434
      25.144       2.495      -3.103
      21.897       0.668      -3.644
      19.540       0.512      -6.656
      16.102       1.794      -5.654
      13.317       0.473      -7.861
      11.149       3.250      -9.348
       7.864       1.418      -8.863
       9.169       1.368      -5.342
      10.165       4.978      -5.143
       8.828       8.540      -5.771
       9.879      12.201      -5.509
       8.253      12.976      -2.171
      13.682      14.600      -0.793
      11.882      11.692      -2.535
       9.818       8.931      -0.805
       9.642       5.105      -0.573
       6.065       4.357      -1.708
       6.559       0.742      -0.728
       9.379      -1.271       0.960
      11.079      -2.843      -2.114
      12.043      -6.206      -0.544
      14.943      -6.931      -2.927
      16.418     -10.404      -2.565
      19.862      -9.806      -4.203
      22.698      -8.010      -2.540
      22.865      -5.812      -5.697
      20.020      -3.505      -4.492
      19.334      -2.896      -0.809
      15.803      -3.244       0.466
      14.450      -0.085       2.114
      10.977       0.779       3.404
       8.131       3.327       3.028
       8.289       6.222       5.558
      12.099       6.446       5.407
      13.911       9.442       3.890
      16.255       8.782       0.916
      18.176      11.130      -1.449
      18.074       9.782      -5.009
      21.363       9.856      -6.891
      21.032       9.319     -10.714
      18.673       7.831     -13.296
      16.233      10.559     -14.413
      13.701       8.418     -16.344
      11.336       6.174     -14.405
      13.004       2.774     -13.907
      15.418       1.832     -11.065
      17.463       4.723      -9.630
      20.190       4.474      -6.919
      19.438       6.337      -3.711
      21.649       6.759      -0.595
      20.291       6.306       2.878
      21.816       8.800       5.393
      21.378       6.512       8.440
      24.190       4.001       7.681
      25.291       5.247       4.260
      24.580       2.122       2.110
      23.546       2.285      -1.510
      20.537       0.390      -2.821
      18.671       0.774      -6.046
      15.156       1.809      -4.918
      12.648       0.965      -7.634
      10.953       3.946      -9.365
       7.583       2.228      -8.775
       8.482       1.977      -5.071
       9.560       5.680      -4.958
       7.900       9.023      -5.464
       9.094      12.657      -5.561
       7.647      13.518      -2.135
      13.520      14.619      -0.164
      11.347      11.822      -1.660
       8.655       9.399      -0.453
       8.450       5.622      -0.418
       5.211       5.149      -2.461
       5.050       1.499      -1.404
       7.304      -0.870       0.577
       9.341      -2.525      -2.217
       9.851      -5.964      -0.711
      13.130      -6.551      -2.676
      14.195     -10.239      -3.264
      17.967      -9.988      -3.330
      20.355      -8.522      -0.617
      21.873      -6.084      -3.161
      18.667      -3.963      -2.848
      17.175      -2.935       0.552
      13.549      -3.569       1.492
      12.183      -0.225       2.677
       8.609       0.722       3.611
       6.282       3.708       3.150
       6.463       6.438       5.792
      10.255       6.169       5.885
      12.517       8.930       4.580
      14.901       8.162       1.670
      17.337      10.518      -0.163
      17.602       9.755      -3.862
      21.076       9.672      -5.422
      20.674       9.581      -9.216
      18.285       8.598     -12.071
      15.264      10.908     -11.971
      13.524       9.234     -14.900
      11.274       6.255     -14.207
      13.559       3.233     -13.482
      15.226       2.229     -10.234
      17.344       5.094      -8.713
      19.652       4.313      -5.794
      18.703       5.901      -2.492
      20.868       6.543       0.583
      19.127       6.356       3.977
      20.249       9.211       6.209
      19.470       7.111       9.324
      22.342       4.583       9.582
      23.561       5.151       6.043
      22.536       2.010       4.088
      22.344       1.646       0.290
      19.031       0.376      -1.264
      17.629       0.297      -4.824
      14.129       1.699      -4.386
      11.862       1.463      -7.440
      11.127       4.793      -9.093
       7.416       3.890      -9.381
       7.652       2.669      -5.723
       8.969       6.251      -4.890
       8.168       9.840      -5.850
       9.812      13.235      -5.286
       7.481      14.369      -2.405
      12.325      15.298       0.374
      10.515      12.429      -1.301
       7.855       9.979      -0.064
       7.497       6.164      -0.235
       4.101       5.995      -1.869
       3.855       2.204      -1.218
       5.742      -0.459       0.727
       7.785      -2.328      -1.944
       8.036      -5.886      -0.497
      11.496      -6.696      -1.880
      12.981     -10.198      -1.476
      16.743      -9.562      -2.149
      19.191      -8.101       0.252
      20.242      -5.809      -2.592
      16.922      -3.971      -2.235
      15.437      -2.952       1.126
      11.734      -3.334       1.810
      10.544       0.146       2.841
       7.028       1.377       3.707
       4.570       4.239       3.135
       4.638       7.355       5.289
       8.351       6.907       6.031
      10.810       9.549       4.867
      13.634       8.511       2.477
      16.785      10.147       1.056
      16.965       9.737      -2.727
      20.550       8.922      -3.683
      21.138       8.647      -7.451
      19.633       7.912     -10.942
      17.569      10.884     -12.141
      15.533       9.250     -14.942
      12.562       7.102     -14.022
      13.814       3.633     -12.936
      14.788       2.206      -9.530
      16.468       4.996      -7.517
      18.127       3.967      -4.265
      17.150       5.840      -1.134
      18.945       5.657       2.297
      16.882       5.500       5.427
      17.603       8.097       8.109
      16.782       5.742      11.038
      19.286       2.832      10.726
      21.303       4.014       7.729
      20.756       0.947       5.501
      20.521       1.410       1.627
      17.342       0.151      -0.024
      16.180       0.617      -3.704
      12.768       2.202      -3.663
      10.788       1.819      -6.953
      10.098       5.281      -8.407
       6.487       4.273      -8.985
       6.438       3.598      -5.199
       7.923       6.957      -4.423
       7.017      10.615      -5.255
       8.623      14.071      -4.576
       6.072      15.474      -2.088
      12.454      14.412       1.156
      10.241      12.169      -1.052
       7.229      10.093      -0.017
       6.629       6.359      -0.403
       3.565       6.364      -2.735
       2.697       2.676      -2.045
       3.970      -0.099       0.191
       6.422      -1.588      -2.370
       6.076      -5.168      -1.078
       9.691      -6.257      -1.846
      10.452      -9.934      -1.537
      14.272      -9.924      -1.373
      16.356      -8.999       1.790
      18.654      -6.724      -0.235
      15.872      -4.114      -0.723
      13.664      -3.336       2.279
      10.000      -2.892       1.409
       8.755       0.338       3.041
       5.206       1.607       3.522
       2.887       4.445       2.481
       3.128       7.679       4.447
       6.627       7.004       5.841
       9.401       9.542       5.391
      12.443       8.219       3.473
      15.758       9.759       2.468
      16.430       9.145      -1.238
      20.099       8.458      -1.722
      20.758       8.327      -5.479
      18.560       7.900      -8.609
      16.259      10.925      -9.125
      14.779       9.981     -12.548
      12.262       7.179     -12.589
      13.971       3.752     -12.076
      14.742       2.076      -8.747
      16.314       4.595      -6.334
      17.731       3.552      -2.912
      16.365       5.279       0.199
      17.657       5.204       3.826
      15.354       5.896       6.817
      16.335       8.533       9.455
      14.479       6.590      12.144
      16.578       3.415      12.729
      19.116       3.884       9.937
      18.143       0.966       7.602
      18.832       0.717       3.873
      15.974      -0.191       1.410
      15.640       0.211      -2.394
      12.232       1.826      -2.932
      10.761       1.736      -6.435
      10.150       5.181      -8.038
       6.816       3.894      -9.138
       5.896       3.917      -5.496
       7.703       7.078      -4.358
       7.317      10.735      -5.217
       9.260      13.938      -4.543
       6.868      15.583      -2.101
      12.454      14.412       1.156
      10.241      12.169      -1.052
       7.229      10.093      -0.017
       6.629       6.359      -0.403
       3.565       6.364      -2.735
       2.697       2.676      -2.045
       3.970      -0.099       0.191
       6.422      -1.588      -2.370
       6.076      -5.168      -1.078
       9.691      -6.257      -1.846
      10.452      -9.934      -1.537
      14.272      -9.924      -1.373
      16.356      -8.999       1.790
      18.654      -6.724      -0.235
      15.872      -4.114      -0.723
      13.664      -3.336       2.279
      10.000      -2.892       1.409
       8.755       0.338       3.041
       5.206       1.607       3.522
       2.887       4.445       2.481
       3.128       7.679       4.447
       6.627       7.004       5.841
       9.401       9.542       5.391
      12.443       8.219       3.473
      15.758       9.759       2.468
      16.430       9.145      -1.238
      20.099       8.458      -1.722
      20.758       8.327      -5.479
      18.560       7.900      -8.609
      16.259      10.925      -9.125
      14.779       9.981     -12.548
      12.262       7.179     -12.589
      13.971       3.752     -12.076
      14.742       2.076      -8.747
      16.314       4.595      -6.334
      17.731       3.552      -2.912
      16.365       5.279       0.199
      17.657       5.204       3.826
      15.354       5.896       6.817
      16.335       8.533       9.455
      14.479       6.590      12.144
      16.578       3.415      12.729
      19.116       3.884       9.937
      18.143       0.966       7.602
      18.832       0.717       3.873
      15.974      -0.191       1.410
      15.640       0.211      -2.394
      12.232       1.826      -2.932
      10.761       1.736      -6.435
      10.150       5.181      -8.038
       6.816       3.894      -9.138
       5.896       3.917      -5.496
       7.703       7.078      -4.358
       7.317      10.735      -5.217
       9.260      13.938      -4.543
       6.868      15.583      -2.101
