        1000          56         137
      15.011      13.746      -2.184
      13.321      10.444      -3.006
      11.927       7.756      -0.667
      12.547       3.980      -0.627
       8.968       2.725      -0.999
      10.181      -0.852      -0.452
      13.450      -2.218       0.873
      14.840      -3.566      -2.404
      16.293      -6.996      -1.374
      19.090      -6.956      -4.024
      21.238     -10.110      -4.316
      24.348      -9.151      -6.329
      26.932      -6.451      -5.305
      25.983      -4.293      -8.383
      22.939      -2.882      -6.513
      23.010      -2.207      -2.727
      19.840      -3.355      -1.005
      18.333      -0.305       0.762
      15.203      -0.121       2.962
      12.146       2.122       3.418
      12.749       5.145       5.619
      16.358       5.482       4.335
      17.346       8.671       2.656
      18.589       8.299      -0.958
      20.032      10.937      -3.287
      19.121      10.151      -6.910
      21.875      10.608      -9.543
      20.696      10.123     -13.094
      17.863       8.398     -15.075
      14.747      10.404     -14.267
      12.289       8.250     -16.236
      11.219       4.880     -14.702
      14.071       2.307     -14.706
      16.942       1.835     -12.232
      18.610       5.134     -11.434
      21.670       4.975      -9.227
      21.465       6.883      -5.929
      24.368       7.785      -3.642
      23.757       7.281       0.078
      24.853      10.250       2.245
      25.762       7.933       5.200
      29.089       6.413       4.137
      29.034       7.426       0.471
      28.207       4.078      -1.290
      26.441       3.681      -4.620
      23.396       1.359      -4.867
      20.843       1.329      -7.700
      17.398       1.726      -6.099
      14.619       0.045      -8.123
      12.405       2.552      -9.911
       9.276       0.815      -8.499
      11.024       0.703      -5.060
      11.174       4.494      -4.701
       9.079       7.624      -5.415
       9.895      11.316      -5.555
       8.734      12.105      -1.987
      15.273      13.872      -1.570
      13.595      10.497      -2.393
      12.620       7.517      -0.164
      13.442       3.795      -0.275
       9.894       2.391      -0.788
      11.015      -1.198      -0.089
      14.266      -2.870       0.891
      15.598      -3.899      -2.573
      17.584      -7.118      -1.950
      20.009      -6.606      -4.820
      22.317      -9.589      -5.300
      25.211      -7.875      -7.176
      27.925      -5.732      -5.752
      27.289      -3.207      -8.617
      24.067      -2.333      -6.749
      23.970      -1.986      -3.006
      20.658      -3.066      -1.473
      19.345      -0.266       0.747
      16.289      -0.376       2.993
      13.092       1.575       3.598
      13.279       4.590       5.806
      16.950       5.484       4.944
      17.638       8.622       3.051
      19.309       8.260      -0.379
      20.665      10.923      -2.736
      19.235      10.443      -6.244
      21.938      10.864      -8.937
      20.595      10.461     -12.470
      17.834       8.521     -14.349
      14.652      10.515     -14.103
      12.584       7.744     -15.740
      11.424       4.629     -13.757
      14.214       2.058     -13.980
      17.454       1.777     -11.978
      18.642       5.221     -10.879
      21.887       5.604      -8.944
      21.703       6.800      -5.331
      24.582       7.698      -2.950
      24.208       7.292       0.818
      25.403      10.387       2.759
      26.254       8.088       5.696
      29.500       6.435       4.588
      29.618       7.266       0.819
      28.617       3.916      -0.675
      27.130       3.923      -4.221
      24.045       1.736      -4.775
      21.464       1.744      -7.599
      18.061       1.961      -5.872
      15.034       0.751      -7.876
      12.792       3.632      -8.952
       9.837       1.392      -8.039
      11.755       0.832      -4.837
      11.880       4.643      -4.294
       9.578       7.669      -4.545
       9.992      11.463      -4.446
       8.978      11.987      -0.805
      15.493      13.660      -0.143
      14.390      10.199      -1.290
      13.229       7.210       0.776
      14.034       3.509       0.141
      10.546       1.982       0.291
      12.127      -1.492       0.506
      15.574      -3.057       1.069
      16.842      -3.776      -2.475
      18.578      -7.117      -2.127
      21.247      -6.579      -4.834
      23.396      -9.702      -5.247
      26.540      -8.323      -6.914
      28.956      -5.593      -5.442
      28.220      -3.511      -8.601
      25.122      -2.311      -6.767
      25.140      -1.801      -2.942
      22.031      -3.210      -1.330
      20.532      -0.442       0.836
      17.437      -0.812       3.053
      14.178       1.029       3.776
      14.035       3.727       6.468
      17.667       4.766       5.718
      18.269       8.057       3.878
      19.819       8.030       0.418
      21.000      10.837      -1.902
      19.482      10.357      -5.356
      22.100      10.846      -8.110
      20.755      10.619     -11.717
      17.966       8.943     -13.727
      14.974      11.192     -13.587
      12.566       8.621     -15.067
      11.682       5.645     -12.774
      14.178       2.830     -13.456
      17.469       2.277     -11.628
      18.892       5.469     -10.112
      22.235       5.513      -8.307
      22.097       6.794      -4.720
      24.985       7.685      -2.411
      24.787       7.242       1.412
      25.754      10.313       3.432
      27.099       8.170       6.320
      30.059       6.163       4.951
      29.641       7.515       1.374
      29.448       4.340      -0.723
      27.779       4.417      -4.154
      25.015       1.891      -4.894
      22.163       1.498      -7.437
      18.902       1.691      -5.427
      16.046       0.890      -7.730
      13.295       3.549      -7.838
      10.570       0.898      -7.539
      11.869       0.379      -4.007
      12.480       4.081      -3.507
      10.327       7.182      -3.564
      10.751      11.003      -3.242
       9.553      11.223       0.332
      16.425      13.448       1.155
      14.994      10.112      -0.074
      14.046       6.829       1.640
      14.791       3.124       0.998
      11.424       1.309       0.709
      13.221      -2.058       0.725
      16.775      -3.336       1.401
      17.960      -4.251      -2.118
      20.190      -7.360      -1.457
      22.533      -6.734      -4.371
      24.108      -9.949      -5.773
      27.151      -8.611      -7.708
      29.491      -6.158      -6.162
      28.864      -3.390      -8.768
      25.904      -2.005      -6.784
      26.120      -1.747      -3.043
      22.896      -2.895      -1.395
      21.495      -0.403       1.110
      18.533      -0.852       3.428
      15.091       0.448       4.445
      14.831       3.167       7.168
      18.360       4.261       6.268
      18.921       7.814       4.830
      20.392       8.021       1.381
      20.897      10.995      -0.996
      19.876      10.060      -4.554
      22.435      11.280      -7.134
      21.255      11.059     -10.796
      18.591       9.422     -12.928
      15.533      11.599     -12.782
      13.063       9.066     -14.293
      12.320       5.920     -12.213
      14.804       3.064     -12.744
      18.231       2.505     -11.084
      19.393       5.744      -9.584
      22.703       5.729      -7.678
      22.374       6.858      -4.095
      25.246       7.868      -1.822
      25.276       6.887       1.896
      26.586       9.571       4.245
      27.758       6.769       6.625
      31.076       5.913       4.902
      30.213       7.709       1.635
      30.002       4.654      -0.682
      28.192       4.660      -4.020
      25.407       2.102      -4.641
      22.667       1.751      -7.217
      19.443       1.651      -5.141
      16.600       0.539      -7.372
      13.965       3.324      -7.466
      11.159       0.851      -6.706
      12.996       0.162      -3.451
      13.333       3.935      -2.796
      11.051       7.017      -2.704
      11.418      10.775      -2.328
      10.209      10.749       1.326
      16.779      12.932       2.183
      15.437       9.668       0.741
      14.961       6.252       2.332
      15.803       2.624       1.585
      12.270       1.202       1.014
      13.719      -2.295       1.003
      17.144      -3.958       1.537
      18.485      -4.322      -2.032
      20.430      -7.573      -1.937
      22.831      -6.636      -4.848
      24.918      -9.618      -5.981
      27.896      -8.033      -7.779
      30.563      -5.822      -6.069
      29.660      -3.053      -8.559
      26.532      -2.032      -6.582
      26.619      -2.044      -2.730
      23.707      -3.785      -0.986
      21.927      -1.481       1.417
      18.998      -1.996       3.743
      15.826      -0.205       4.862
      16.272       2.551       7.514
      19.813       3.505       6.546
      20.155       7.138       5.303
      21.243       7.766       1.687
      21.758      11.066      -0.231
      20.789      10.345      -3.912
      23.224      11.313      -6.774
      21.257      11.097     -10.088
      18.204       9.503     -11.721
      14.999      11.238     -10.673
      12.677       8.976     -12.755
      12.058       5.435     -11.484
      15.044       3.116     -12.209
      18.347       2.524     -10.403
      19.790       5.750      -9.198
      22.996       5.535      -7.168
      23.108       6.974      -3.630
      26.234       7.801      -1.668
      26.306       7.037       2.094
      27.350      10.043       4.157
      28.450       7.687       7.047
      31.218       5.604       5.452
      31.312       7.199       1.992
      30.585       4.181      -0.206
      28.864       4.225      -3.648
      26.079       1.726      -4.361
      23.246       1.558      -6.935
      20.144       2.043      -4.766
      17.008       0.689      -6.541
      14.322       3.242      -7.335
      11.553       0.877      -6.169
      13.941       0.317      -3.180
      13.827       4.005      -2.092
      11.273       6.780      -1.402
      11.639      10.512      -0.811
      11.025      10.515       2.987
      16.779      12.932       2.183
      15.437       9.668       0.741
      14.961       6.252       2.332
      15.803       2.624       1.585
      12.270       1.202       1.014
      13.719      -2.295       1.003
      17.144      -3.958       1.537
      18.485      -4.322      -2.032
      20.430      -7.573      -1.937
      22.831      -6.636      -4.848
      24.918      -9.618      -5.981
      27.896      -8.033      -7.779
      30.563      -5.822      -6.069
      29.660      -3.053      -8.559
      26.532      -2.032      -6.582
      26.619      -2.044      -2.730
      23.707      -3.785      -0.986
      21.927      -1.481       1.417
      18.998      -1.996       3.743
      15.826      -0.205       4.862
      16.272       2.551       7.514
      19.813       3.505       6.546
      20.155       7.138       5.303
      21.243       7.766       1.687
      21.758      11.066      -0.231
      20.789      10.345      -3.912
      23.224      11.313      -6.774
      21.257      11.097     -10.088
      18.204       9.503     -11.721
      14.999      11.238     -10.673
      12.677       8.976     -12.755
      12.058       5.435     -11.484
      15.044       3.116     -12.209
      18.347       2.524     -10.403
      19.790       5.750      -9.198
      22.996       5.535      -7.168
      23.108       6.974      -3.630
      26.234       7.801      -1.668
      26.306       7.037       2.094
      27.350      10.043       4.157
      28.450       7.687       7.047
      31.218       5.604       5.452
      31.312       7.199       1.992
      30.585       4.181      -0.206
      28.864       4.225      -3.648
      26.079       1.726      -4.361
      23.246       1.558      -6.935
      20.144       2.043      -4.766
      17.008       0.689      -6.541
      14.322       3.242      -7.335
      11.553       0.877      -6.169
      13.941       0.317      -3.180
      13.827       4.005      -2.092
      11.273       6.780      -1.402
      11.639      10.512      -0.811
      11.025      10.515       2.987
