  # There has been        5000 steps
 # The current temp is  0.232643813    
 # Number of atoms
          56
 # X(i)Y(i)Z(i)
    1   1 CA THR  16.779  12.932   2.183   1.000
    2   2 CA PHE  15.437   9.668   0.741   1.000
    3   3 CA VAL  14.961   6.252   2.332   1.000
    4   4 CA ALA  15.803   2.624   1.585   1.000
    5   5 CA LEU  12.270   1.202   1.014   1.000
    6   6 CA TYR  13.719  -2.295   1.003   1.000
    7   7 CA ASP  17.144  -3.958   1.537   1.000
    8   8 CA TYR  18.485  -4.322  -2.032   1.000
    9   9 CA GLU  20.430  -7.573  -1.937   1.000
   10  10 CA SER  22.831  -6.636  -4.848   1.000
   11  11 CA ARG  24.918  -9.618  -5.981   1.000
   12  12 CA THR  27.896  -8.033  -7.779   1.000
   13  13 CA GLU  30.563  -5.822  -6.069   1.000
   14  14 CA THR  29.660  -3.053  -8.559   1.000
   15  15 CA ASP  26.532  -2.032  -6.582   1.000
   16  16 CA LEU  26.619  -2.044  -2.730   1.000
   17  17 CA SER  23.707  -3.785  -0.986   1.000
   18  18 CA PHE  21.927  -1.481   1.417   1.000
   19  19 CA LYS  18.998  -1.996   3.743   1.000
   20  20 CA LYS  15.826  -0.205   4.862   1.000
   21  21 CA GLY  16.272   2.551   7.514   1.000
   22  22 CA GLU  19.813   3.505   6.546   1.000
   23  23 CA ARG  20.155   7.138   5.303   1.000
   24  24 CA LEU  21.243   7.766   1.687   1.000
   25  25 CA GLN  21.758  11.066  -0.231   1.000
   26  26 CA ILE  20.789  10.345  -3.912   1.000
   27  27 CA VAL  23.224  11.313  -6.774   1.000
   28  28 CA ASN  21.257  11.097 -10.088   1.000
   29  29 CA ASN  18.204   9.503 -11.721   1.000
   30  30 CA THR  14.999  11.238 -10.673   1.000
   31  31 CA GLU  12.677   8.976 -12.755   1.000
   32  32 CA GLY  12.058   5.435 -11.484   1.000
   33  33 CA ASP  15.044   3.116 -12.209   1.000
   34  34 CA TRP  18.347   2.524 -10.403   1.000
   35  35 CA TRP  19.790   5.750  -9.198   1.000
   36  36 CA LEU  22.996   5.535  -7.168   1.000
   37  37 CA ALA  23.108   6.974  -3.630   1.000
   38  38 CA HIS  26.234   7.801  -1.668   1.000
   39  39 CA SER  26.306   7.037   2.094   1.000
   40  40 CA LEU  27.350  10.043   4.157   1.000
   41  41 CA THR  28.450   7.687   7.047   1.000
   42  42 CA THR  31.218   5.604   5.452   1.000
   43  43 CA GLY  31.312   7.199   1.992   1.000
   44  44 CA GLN  30.585   4.181  -0.206   1.000
   45  45 CA THR  28.864   4.225  -3.648   1.000
   46  46 CA GLY  26.079   1.726  -4.361   1.000
   47  47 CA TYR  23.246   1.558  -6.935   1.000
   48  48 CA ILE  20.144   2.043  -4.766   1.000
   49  49 CA PRO  17.008   0.689  -6.541   1.000
   50  50 CA SER  14.322   3.242  -7.335   1.000
   51  51 CA ASN  11.553   0.877  -6.169   1.000
   52  52 CA TYR  13.941   0.317  -3.180   1.000
   53  53 CA VAL  13.827   4.005  -2.092   1.000
   54  54 CA ALA  11.273   6.780  -1.402   1.000
   55  55 CA PRO  11.639  10.512  -0.811   1.000
   56  56 CA SER  11.025  10.515   2.987   1.000
    1   0.112   0.338  -0.384
    2   0.219  -0.246   0.486
    3  -0.203  -0.369   0.043
    4   0.501   0.462   0.368
    5   0.101  -0.040  -0.334
    6   0.624   0.161   0.318
    7   0.459  -0.358   0.564
    8   0.563   0.095   0.395
    9   0.408  -0.048   0.273
   10   0.167  -0.681  -0.246
   11   0.435  -0.252  -0.615
   12  -0.892  -0.099  -0.500
   13   0.496   0.454  -0.068
   14   0.077  -0.938  -0.156
   15   0.152  -0.196   0.257
   16   0.125  -0.249   0.112
   17   0.186  -0.617   1.522
   18   0.585  -0.479   0.409
   19   0.099   0.275  -0.257
   20   0.521  -0.359  -0.015
   21   0.110  -0.959   0.123
   22   0.133   0.655   0.236
   23  -0.508  -0.621   0.023
   24   0.320   0.786   0.207
   25  -0.698  -0.286   0.022
   26  -0.228  -0.313  -0.188
   27   0.039   0.445  -0.324
   28   0.838  -0.801   0.393
   29  -0.296  -0.455   0.263
   30  -0.556   0.708   0.701
   31   0.097   0.358   0.207
   32  -0.207   0.887   0.031
   33   0.418  -0.139  -0.714
   34  -0.421   0.079  -0.290
   35   0.751   0.127  -0.172
   36  -0.210   0.504  -0.118
   37  -0.525  -0.031   0.080
   38  -0.722  -0.042   0.654
   39   0.570  -0.710   0.171
   40   0.107  -0.665  -0.096
   41   0.030   0.198  -0.187
   42   0.366  -0.723   0.204
   43   0.113  -0.123   0.259
   44   0.617   0.629   0.073
   45   0.220   1.315  -0.074
   46  -0.012   1.032   0.322
   47  -0.116  -0.508  -0.327
   48   0.899  -0.581  -0.091
   49   0.270   0.139  -0.609
   50  -0.361  -1.021  -0.033
   51  -0.724   1.073   0.977
   52   0.119   0.631   0.285
   53   1.531   0.614   0.178
   54   0.298  -0.176   0.121
   55  -0.073  -0.187   0.073
   56  -0.200   0.110   0.039
           1
          56
